Case #1: 17 1 1 1 1 1 1 1 1 2 2 2 2 3 3 3 5 11
Case #2: 20 1 1 1 1 1 1 1 1 1 1 1 1 1 1 1 1 2 3 7 13
Case #3: 14 1 1 1 1 1 1 2 2 2 3 3 3 3 17
Case #4: 17 1 1 1 1 1 2 2 2 2 2 2 2 2 2 2 3 13
Case #5: 16 1 1 1 1 1 1 2 2 2 2 2 3 3 3 5 11
Case #6: 25 1 1 1 1 1 1 1 1 1 1 1 1 1 1 1 1 1 1 1 1 2 2 3 3 11
Case #7: 20 1 1 2 2 2 2 2 2 2 2 2 2 2 2 2 2 2 2 2 5
Case #8: 22 1 1 1 1 1 1 1 1 1 1 1 1 1 1 1 2 2 2 5 5 5 5
Case #9: -1
Case #10: 21 1 1 1 1 1 1 1 1 1 1 1 2 2 2 2 2 2 2 2 3 11
Case #11: -1
Case #12: -1
Case #13: 41 1 1 1 1 1 1 1 1 1 1 1 1 1 1 1 1 1 1 1 1 1 1 1 1 1 1 1 1 1 1 1 1 1 1 1 1 1 1 1 1 1
Case #14: 19 1 1 1 1 1 1 1 1 1 1 1 2 2 2 2 3 3 3 13
Case #15: 23 1 1 1 1 1 1 1 1 1 1 2 2 2 2 2 2 2 2 2 2 3 3 5
Case #16: -1
Case #17: -1
Case #18: 13 1 1 1 1 1 1 2 2 5 5 7 7 7
Case #19: 24 1 1 1 1 1 1 1 1 1 1 1 2 2 2 2 2 2 2 2 2 2 2 3 5
Case #20: 17 1 1 1 2 2 2 2 2 2 2 2 2 2 3 3 5 7
Case #21: 31 1 1 1 1 1 1 1 1 1 1 1 1 1 1 1 1 1 1 1 1 1 1 1 2 2 2 2 2 2 3 3
Case #22: 17 1 1 1 1 1 1 1 1 1 2 2 3 3 3 3 5 11
Case #23: 18 1 1 1 1 1 1 1 1 2 2 2 2 2 3 3 3 3 11
Case #24: 27 1 1 1 1 1 1 1 1 1 1 1 1 1 1 1 1 1 1 1 2 2 2 2 3 3 3 5
Case #25: -1
Case #26: 26 1 1 1 1 1 1 1 1 1 1 1 1 2 2 2 2 2 2 2 2 2 2 2 2 2 3
Case #27: 28 1 1 1 1 1 1 1 1 1 1 1 1 1 1 1 1 1 1 2 2 2 2 2 2 2 2 2 5
Case #28: 15 1 1 1 2 2 2 2 3 3 3 3 3 5 5 5
Case #29: 18 1 1 1 1 1 1 1 1 2 2 2 2 2 3 3 5 5 7
Case #30: -1
Case #31: 22 1 1 1 1 1 1 1 1 1 1 2 2 2 2 2 2 2 2 2 3 5 5
Case #32: 9 1 1 2 2 2 2 3 5 23
Case #33: 23 1 1 1 1 1 1 1 1 1 1 2 2 2 2 2 2 2 2 2 2 2 2 7
Case #34: 16 1 1 1 1 1 1 1 1 2 2 2 3 5 5 7 7
Case #35: 25 1 1 1 1 1 1 1 1 1 1 1 1 1 1 1 1 2 2 2 2 3 3 3 3 5
Case #36: 19 1 1 1 1 1 1 1 1 1 1 1 1 1 1 1 1 1 1 23
Case #37: 15 1 1 1 1 1 1 1 1 2 2 2 2 7 7 11
Case #38: 10 1 1 1 1 1 1 1 1 2 31
Case #39: 24 1 1 1 1 1 1 1 1 1 1 1 1 1 1 2 2 2 2 2 2 2 3 5 5
Case #40: 12 1 1 1 2 3 3 3 3 3 3 5 13
Case #41: 21 1 1 1 1 1 1 1 1 1 2 2 2 2 2 2 3 3 3 3 3 5
Case #42: 17 1 1 1 1 1 1 1 1 1 1 1 1 2 2 7 7 11
Case #43: 15 1 1 1 1 1 1 1 1 1 2 2 2 2 5 19
Case #44: -1
Case #45: 14 1 1 2 2 2 2 2 2 2 3 5 5 5 7
Case #46: -1
Case #47: 22 1 1 1 1 1 1 1 1 1 1 1 2 2 2 2 2 2 2 3 3 5 5
Case #48: 20 1 1 1 1 1 1 1 1 1 1 2 2 2 3 3 3 3 3 3 7
Case #49: 35 1 1 1 1 1 1 1 1 1 1 1 1 1 1 1 1 1 1 1 1 1 1 1 1 1 1 1 1 1 1 1 1 1 1 7
Case #50: 22 1 1 1 1 1 1 1 1 2 2 2 2 2 2 2 2 2 2 2 2 2 7
Case #51: 34 1 1 1 1 1 1 1 1 1 1 1 1 1 1 1 1 1 1 1 1 1 1 1 1 1 1 1 2 2 2 2 2 2 2
Case #52: 22 1 1 1 1 1 1 1 1 1 1 1 1 1 1 2 2 2 2 2 5 5 7
Case #53: 19 1 1 1 1 1 1 1 1 1 1 2 2 2 2 2 2 5 7 7
Case #54: 21 1 1 1 1 1 1 1 1 1 1 1 1 1 1 1 1 1 1 1 11 11
Case #55: 18 1 1 1 1 1 1 2 2 2 2 2 3 3 3 3 3 5 5
Case #56: 15 1 1 1 1 2 2 3 3 3 3 3 3 3 5 7
Case #57: 13 1 1 1 1 1 1 2 2 3 3 5 7 13
Case #58: 11 1 1 1 1 1 2 2 3 3 7 19
Case #59: 15 1 1 1 2 2 2 2 2 2 3 3 3 5 5 7
Case #60: -1
Case #61: 15 1 1 2 2 2 2 2 2 2 2 2 2 3 5 11
Case #62: 19 1 1 1 1 1 1 1 1 1 1 2 2 3 3 3 3 3 5 7
Case #63: 17 1 1 1 1 1 1 1 2 2 2 2 2 2 3 3 3 13
Case #64: 23 1 1 1 1 1 1 1 1 1 1 1 2 2 2 2 2 2 2 2 3 3 3 5
Case #65: 14 1 1 1 1 1 2 2 2 2 2 3 5 5 13
Case #66: 15 1 1 1 1 1 2 2 2 2 2 2 3 3 5 13
Case #67: 15 1 1 1 1 1 2 2 2 2 3 3 3 3 5 11
Case #68: 21 1 1 1 1 1 1 1 1 2 2 2 2 2 2 2 2 3 3 3 3 5
Case #69: 16 1 1 1 1 1 1 1 1 1 2 2 2 2 2 5 17
Case #70: 31 1 1 1 1 1 1 1 1 1 1 1 1 1 1 1 1 1 1 1 1 1 1 1 1 1 1 1 3 3 3 5
Case #71: 18 1 1 1 1 1 1 1 1 2 2 2 2 2 3 3 3 7 7
Case #72: 21 1 1 1 1 1 1 1 1 1 1 1 2 2 2 2 3 3 3 3 5 5
Case #73: -1
Case #74: 19 1 1 1 1 1 1 1 2 2 2 2 2 2 2 2 3 3 5 7
Case #75: 14 1 1 1 1 1 1 1 2 3 3 3 5 5 13
Case #76: 16 1 1 1 1 1 1 1 1 1 1 2 3 3 5 7 11
Case #77: 16 1 1 1 1 1 2 2 2 2 2 2 2 3 3 3 13
Case #78: 12 1 1 2 2 2 2 2 2 2 3 11 11
Case #79: 21 1 1 1 1 1 1 1 1 1 1 1 1 1 1 1 3 3 3 5 5 7
Case #80: 23 1 1 1 1 1 1 1 1 1 1 1 1 1 1 1 1 1 1 1 1 1 7 13
Case #81: 21 1 1 1 1 1 1 1 1 1 1 1 1 2 2 2 2 2 2 3 7 7
Case #82: -1
Case #83: 20 1 1 1 1 1 1 1 1 1 1 1 1 1 1 2 3 3 5 7 7
Case #84: 19 1 1 1 1 1 1 1 1 1 2 2 2 2 3 3 3 3 5 7
Case #85: -1
Case #86: 16 1 1 1 1 1 1 1 1 1 1 2 3 3 3 7 13
Case #87: 34 1 1 1 1 1 1 1 1 1 1 1 1 1 1 1 1 1 1 1 1 1 1 1 1 1 1 1 1 1 1 2 3 3 3
Case #88: 15 1 1 1 1 2 2 2 2 2 2 3 5 5 5 7
Case #89: -1
Case #90: -1
Case #91: 24 1 1 1 1 1 1 1 1 1 1 1 1 1 1 1 1 1 1 1 1 1 1 2 17
Case #92: 11 1 1 1 2 2 2 2 3 3 11 13
Case #93: 10 1 1 2 2 2 3 5 5 7 13
Case #94: 39 1 1 1 1 1 1 1 1 1 1 1 1 1 1 1 1 1 1 1 1 1 1 1 1 1 1 1 1 1 1 1 1 1 1 1 1 1 2 2
Case #95: 11 1 1 2 2 2 2 2 2 3 11 13
Case #96: 17 1 1 1 1 1 1 2 2 2 2 2 2 2 2 3 3 13
Case #97: -1
Case #98: 19 1 1 1 1 1 1 1 1 1 3 3 3 3 3 3 3 3 3 5
Case #99: 13 1 1 1 1 2 2 3 3 3 5 5 7 7
Case #100: 16 1 1 1 1 1 1 1 1 1 1 1 2 3 3 5 17
Case #101: 25 1 1 1 1 1 1 1 1 1 1 1 1 1 1 1 1 1 1 2 2 3 3 3 3 7
Case #102: 17 1 1 1 1 1 1 1 1 2 2 3 3 3 3 3 3 11
Case #103: 19 1 1 1 1 1 1 1 1 1 2 2 2 2 2 2 3 3 3 11
Case #104: 5 1 1 3 17 19
Case #105: 18 1 1 1 1 1 1 1 1 1 2 2 2 3 3 3 3 7 7
Case #106: -1
Case #107: 22 1 1 1 1 1 1 1 1 1 1 1 1 1 1 2 2 2 3 3 3 5 7
Case #108: 24 1 1 1 1 1 1 1 1 1 1 1 1 2 2 2 2 2 2 2 3 3 3 3 3
Case #109: 16 1 1 1 1 1 1 1 2 2 2 3 3 5 5 5 7
Case #110: -1
Case #111: -1
Case #112: -1
Case #113: -1
Case #114: 21 1 2 2 2 2 2 2 2 2 2 2 2 2 2 2 2 2 2 2 2 2
Case #115: -1
Case #116: 12 1 1 1 2 3 3 5 5 5 5 5 5
Case #117: 21 1 1 1 1 1 1 1 1 1 1 2 2 2 2 2 2 2 2 5 5 5
Case #118: 32 1 1 1 1 1 1 1 1 1 1 1 1 1 1 1 1 1 1 1 1 1 1 1 1 1 2 2 2 2 2 3 3
Case #119: 26 1 1 1 1 1 1 1 1 1 1 1 1 1 1 1 1 1 1 2 2 2 2 2 3 3 7
Case #120: -1
Case #121: -1
Case #122: 26 1 1 1 1 1 1 1 1 1 1 1 1 1 1 1 1 1 1 1 1 1 1 2 2 2 13
Case #123: 23 1 1 1 1 1 1 1 2 2 2 2 2 2 2 2 2 2 2 2 2 2 3 3
Case #124: -1
Case #125: 19 1 1 1 1 1 1 2 2 2 2 2 2 2 2 2 2 5 5 5
Case #126: 22 1 1 1 1 1 1 1 1 1 1 1 1 2 2 2 3 3 3 3 3 3 5
Case #127: 28 1 1 1 1 1 1 1 1 1 1 1 1 1 1 1 1 1 1 1 2 2 2 2 2 2 2 3 5
Case #128: -1
Case #129: -1
Case #130: 13 1 1 2 2 2 2 2 2 3 5 5 7 7
Case #131: 13 1 1 1 1 1 2 2 2 2 3 3 3 19
Case #132: 23 1 1 1 1 1 1 1 1 1 1 1 1 2 2 2 2 2 2 3 3 3 3 5
Case #133: 20 1 1 1 1 1 1 1 1 2 2 2 2 2 2 2 3 3 3 3 7
Case #134: 12 1 1 1 2 2 2 2 2 3 3 11 11
Case #135: 17 1 1 1 1 1 1 1 1 1 2 2 2 2 2 2 3 17
Case #136: 18 1 1 1 1 1 1 1 1 1 1 2 3 3 3 5 5 5 5
Case #137: 14 1 1 1 2 2 2 2 2 2 2 3 3 7 11
Case #138: -1
Case #139: 20 1 1 1 1 1 1 1 1 1 1 1 1 1 1 1 2 3 3 7 11
Case #140: 14 1 1 1 1 1 1 1 2 3 3 5 5 5 11
Case #141: 23 1 1 1 1 1 1 1 1 2 2 2 2 2 2 2 2 2 2 2 2 3 3 3
Case #142: 17 1 1 1 1 1 1 1 1 1 1 2 2 2 2 5 5 13
Case #143: 26 1 1 1 1 1 1 1 1 1 1 1 1 1 1 1 1 1 1 1 1 1 1 1 2 5 11
Case #144: 18 1 1 1 1 1 1 1 1 1 1 2 2 2 3 3 5 7 7
Case #145: 21 1 1 1 1 1 1 1 1 1 1 1 1 1 1 1 2 2 3 5 7 7
Case #146: -1
Case #147: 25 1 1 1 1 1 1 1 1 1 1 1 1 1 1 1 1 1 1 1 1 1 1 1 5 13
Case #148: 25 1 1 1 1 1 1 1 1 1 1 1 1 1 1 1 1 1 1 1 3 3 3 3 5 5
Case #149: -1
Case #150: 13 1 1 1 1 1 1 2 2 2 2 3 5 19
Case #151: 26 1 1 1 1 1 1 1 1 1 1 1 1 1 1 1 1 1 1 1 2 2 2 3 3 5 5
Case #152: 21 1 1 1 1 1 1 1 2 2 2 2 2 2 2 2 2 2 2 2 3 7
Case #153: 20 1 1 1 1 1 1 1 1 2 2 2 2 2 2 2 2 2 3 5 7
Case #154: 21 1 1 1 1 1 1 1 1 1 1 2 2 2 2 2 2 2 2 2 2 11
Case #155: 16 1 1 1 1 2 2 2 2 2 2 2 2 2 3 5 11
Case #156: 16 1 1 1 1 1 1 1 2 2 2 2 2 3 3 5 13
Case #157: -1
Case #158: 12 1 1 2 2 2 2 2 3 5 5 5 11
Case #159: 15 1 1 1 1 1 1 1 1 1 2 2 2 2 7 17
Case #160: 23 1 1 1 1 1 1 1 1 1 1 1 2 2 2 2 2 2 2 2 2 2 3 7
Case #161: 20 1 1 1 1 1 1 1 1 1 1 2 3 3 3 3 3 3 3 3 5
Case #162: 10 1 1 1 1 2 3 3 5 11 13
Case #163: 35 1 1 1 1 1 1 1 1 1 1 1 1 1 1 1 1 1 1 1 1 1 1 1 1 1 1 1 1 1 2 2 2 2 2 2
Case #164: 23 1 1 1 1 1 1 1 1 1 1 1 1 1 1 1 1 1 1 1 1 2 2 17
Case #165: 22 1 1 1 1 1 1 1 1 1 1 1 1 1 2 2 2 2 2 3 5 5 5
Case #166: 18 1 1 1 1 1 1 1 1 1 2 2 2 3 3 5 5 5 5
Case #167: 13 1 1 1 1 1 2 2 2 2 3 3 5 17
Case #168: 31 1 1 1 1 1 1 1 1 1 1 1 1 1 1 1 1 1 1 1 1 1 1 1 1 2 2 2 2 2 2 5
Case #169: 19 1 1 1 2 2 2 2 2 2 2 2 2 2 2 2 3 3 3 5
Case #170: -1
Case #171: 18 1 1 1 1 1 1 1 1 1 2 2 2 2 2 5 5 5 7
Case #172: 17 1 1 1 1 1 1 1 2 2 2 2 2 2 3 3 5 11
Case #173: 32 1 1 1 1 1 1 1 1 1 1 1 1 1 1 1 1 1 1 1 1 1 1 1 1 1 1 2 2 2 2 2 5
Case #174: 20 1 1 1 1 1 1 1 1 2 2 2 2 2 2 2 3 3 3 5 5
Case #175: -1
Case #176: 31 1 1 1 1 1 1 1 1 1 1 1 1 1 1 1 1 1 1 1 1 1 1 1 1 1 1 1 1 3 3 7
Case #177: 21 1 1 1 1 1 1 1 1 1 1 1 1 1 1 1 3 3 5 5 5 5
Case #178: -1
Case #179: -1
Case #180: 10 1 1 1 2 3 3 3 5 11 11
Case #181: 14 1 1 1 1 1 1 2 2 2 5 5 5 7 7
Case #182: 9 1 1 1 1 1 1 1 3 31
Case #183: 13 1 1 1 1 1 2 2 3 3 3 5 7 11
Case #184: -1
Case #185: -1
Case #186: 21 1 1 1 1 1 1 1 1 1 1 1 2 2 2 2 2 2 3 3 5 7
Case #187: 25 1 1 1 1 1 1 1 1 1 1 1 1 1 1 1 1 1 1 1 1 2 2 5 5 7
Case #188: 35 1 1 1 1 1 1 1 1 1 1 1 1 1 1 1 1 1 1 1 1 1 1 1 1 1 1 1 1 1 1 2 2 2 2 3
Case #189: 34 1 1 1 1 1 1 1 1 1 1 1 1 1 1 1 1 1 1 1 1 1 1 1 1 1 1 1 1 1 2 2 2 3 3
Case #190: -1
Case #191: -1
Case #192: 10 1 1 1 1 2 3 3 5 5 19
Case #193: 21 1 1 1 1 1 1 1 1 1 1 1 1 1 2 2 2 2 5 5 5 5
Case #194: 22 1 1 1 2 2 2 2 2 2 2 2 2 2 2 2 2 2 2 2 2 2 2
Case #195: -1
Case #196: 10 1 1 1 1 2 2 2 3 11 17
Case #197: 25 1 1 1 1 1 1 1 1 1 1 1 1 1 1 1 1 1 1 1 1 1 1 1 1 17
Case #198: 25 1 1 1 1 1 1 1 1 1 1 1 1 1 1 1 1 2 2 3 3 3 3 3 3 3
Case #199: 27 1 1 1 1 1 1 1 1 1 1 1 1 1 1 1 1 1 1 1 1 1 3 3 3 3 3 5
Case #200: 17 1 1 1 1 1 1 1 1 2 2 3 3 3 3 3 7 7
Case #201: 27 1 1 1 1 1 1 1 1 1 1 1 1 1 1 1 1 1 1 1 1 1 1 1 1 3 3 11
Case #202: 23 1 1 1 1 1 1 1 1 1 1 2 2 2 2 2 2 2 2 3 3 3 3 3
Case #203: 16 1 1 1 1 2 2 2 2 2 2 2 3 3 3 7 7
Case #204: 21 1 1 1 1 1 1 1 1 1 1 1 1 1 2 2 2 2 3 5 5 7
Case #205: 16 1 1 1 1 1 2 2 2 2 2 2 2 3 5 7 7
Case #206: 16 1 1 1 1 1 1 2 2 2 2 2 3 3 5 7 7
Case #207: 18 1 1 1 1 1 1 1 2 2 2 2 2 3 3 3 3 5 7
Case #208: 21 1 1 1 1 2 2 2 2 2 2 2 2 2 2 2 2 2 2 2 2 5
Case #209: -1
Case #210: 24 1 1 1 1 1 1 1 1 1 1 1 1 1 1 1 1 1 2 2 2 3 5 5 5
Case #211: 19 1 1 1 1 1 1 1 1 1 1 2 2 2 2 3 3 5 5 7
Case #212: -1
Case #213: 16 1 1 1 1 2 2 2 2 2 2 2 2 2 5 7 7
Case #214: 29 1 1 1 1 1 1 1 1 1 1 1 1 1 1 1 1 1 1 1 1 1 1 1 1 1 1 1 1 13
Case #215: 14 1 1 1 1 1 2 2 2 2 2 2 2 3 19
Case #216: 15 1 1 1 1 1 2 2 3 3 3 3 5 5 5 5
Case #217: 23 1 1 1 1 1 1 1 1 1 1 1 2 2 2 2 2 2 2 2 2 2 5 5
Case #218: 14 1 1 1 1 2 2 2 2 2 3 3 3 5 13
Case #219: 12 1 1 1 2 3 3 3 3 5 5 7 7
Case #220: 8 1 1 1 2 2 2 3 29
Case #221: 25 1 1 1 1 1 1 1 1 1 1 1 1 1 1 1 1 1 1 1 2 2 3 5 5 5
Case #222: 16 1 1 1 1 1 2 2 2 2 2 3 3 3 3 7 7
Case #223: 21 1 1 1 1 1 1 1 1 1 1 1 2 2 2 2 3 3 3 3 3 7
Case #224: 28 1 1 1 1 1 1 1 1 1 1 1 1 1 1 1 1 1 1 1 1 1 2 2 2 2 2 3 7
Case #225: 13 1 1 2 2 2 2 2 2 2 2 3 7 13
Case #226: 10 1 1 1 1 1 2 3 3 5 23
Case #227: 23 1 1 1 1 1 1 2 2 2 2 2 2 2 2 2 2 2 2 2 2 2 2 3
Case #228: 32 1 1 1 1 1 1 1 1 1 1 1 1 1 1 1 1 1 1 1 1 1 1 1 1 1 1 1 2 2 2 3 5
Case #229: 11 1 1 1 1 2 2 2 2 3 3 23
Case #230: 14 1 1 1 2 3 3 3 3 3 3 3 5 5 5
Case #231: 25 1 1 1 1 1 1 1 1 1 1 1 1 1 1 1 2 2 2 2 2 2 2 2 3 7
Case #232: 21 1 1 1 1 1 1 1 2 2 2 2 2 2 2 2 3 3 3 3 3 3
Case #233: 32 1 1 1 1 1 1 1 1 1 1 1 1 1 1 1 1 1 1 1 1 1 1 1 1 1 1 1 1 2 2 2 7
Case #234: -1
Case #235: 16 1 1 1 2 2 2 2 2 2 2 3 3 3 3 5 7
Case #236: 28 1 1 1 1 1 1 1 1 1 1 1 1 1 1 1 1 2 2 2 2 2 2 2 2 2 2 2 3
Case #237: 18 1 1 1 1 1 1 1 1 1 1 2 2 2 3 5 5 5 7
Case #238: 6 2 3 5 7 11 13
Case #239: 27 1 1 1 1 1 1 1 1 1 1 1 1 1 1 1 1 1 1 1 1 1 2 2 3 3 5 5
Case #240: 17 1 1 1 1 1 1 1 1 1 1 2 2 3 3 5 5 11
Case #241: -1
Case #242: 24 1 1 1 1 1 1 1 1 1 1 1 1 1 1 1 1 1 1 2 3 3 5 5 5
Case #243: 20 1 1 1 1 1 1 1 1 1 1 1 2 2 2 2 2 2 2 5 11
Case #244: 18 1 1 1 1 1 1 1 1 1 2 3 3 3 3 3 3 5 7
Case #245: -1
Case #246: 14 1 1 1 1 1 2 2 2 3 3 3 7 7 7
Case #247: 19 1 1 1 1 1 1 1 1 1 1 1 1 1 2 2 3 3 5 13
Case #248: 15 1 1 1 2 2 2 2 2 2 2 2 3 3 5 11
Case #249: 32 1 1 1 1 1 1 1 1 1 1 1 1 1 1 1 1 1 1 1 1 1 1 1 1 1 1 1 1 2 3 3 5
Case #250: -1
Case #251: 15 1 1 1 1 1 2 2 2 2 2 2 2 2 3 17
Case #252: 19 1 1 1 1 1 1 1 1 1 2 2 3 3 3 3 3 3 5 5
Case #253: 22 1 1 1 1 2 2 2 2 2 2 2 2 2 2 2 2 2 2 2 2 2 3
Case #254: 17 1 1 1 1 1 1 1 1 2 2 2 2 2 2 7 7 7
Case #255: 20 1 1 1 1 1 1 1 1 1 1 1 2 2 2 2 2 3 3 7 7
Case #256: 28 1 1 1 1 1 1 1 1 1 1 1 1 1 1 1 1 1 2 2 2 2 2 2 2 2 2 3 3
Case #257: 31 1 1 1 1 1 1 1 1 1 1 1 1 1 1 1 1 1 1 1 1 1 1 1 1 1 1 1 1 1 5 7
Case #258: -1
Case #259: 33 1 1 1 1 1 1 1 1 1 1 1 1 1 1 1 1 1 1 1 1 1 1 1 1 1 1 1 1 2 2 2 2 5
Case #260: 19 1 1 1 1 1 1 1 1 1 1 1 1 2 2 3 5 5 5 7
Case #261: 20 1 1 1 1 1 1 1 2 2 2 2 2 2 2 3 3 3 3 3 5
Case #262: 17 1 1 1 1 1 1 1 2 2 2 2 3 3 3 3 7 7
Case #263: -1
Case #264: 29 1 1 1 1 1 1 1 1 1 1 1 1 1 1 1 1 1 1 1 1 1 1 1 1 1 1 2 2 11
Case #265: -1
Case #266: 8 1 1 2 2 2 3 11 19
Case #267: 17 1 1 1 1 1 1 1 2 2 2 2 2 2 3 5 7 7
Case #268: 22 1 1 1 1 1 1 1 1 1 1 1 1 1 1 2 2 2 3 3 5 5 5
Case #269: 26 1 1 1 1 1 1 1 1 1 1 1 1 1 1 1 1 1 1 1 2 2 2 3 3 3 7
Case #270: 15 1 1 1 1 1 2 2 3 3 3 3 3 3 3 11
Case #271: 28 1 1 1 1 1 1 1 1 1 1 1 1 1 1 1 1 1 1 1 1 1 1 2 2 2 3 3 7
Case #272: 21 1 1 1 1 1 1 1 1 1 1 1 1 1 2 2 3 3 3 5 5 5
Case #273: -1
Case #274: -1
Case #275: 23 1 1 1 1 1 1 1 1 1 1 1 1 1 1 1 2 2 3 3 3 3 5 5
Case #276: 29 1 1 1 1 1 1 1 1 1 1 1 1 1 1 1 1 1 1 1 1 1 1 1 1 1 1 3 5 7
Case #277: 3 5 17 19
Case #278: 16 1 1 1 1 2 2 2 2 2 2 2 3 5 5 5 5
Case #279: 16 1 1 1 1 1 1 1 1 1 2 2 2 3 3 7 13
Case #280: 18 1 1 1 1 1 1 1 2 2 2 2 2 2 2 3 3 7 7
Case #281: 16 1 1 1 1 1 1 2 2 2 3 3 3 3 3 3 11
Case #282: 17 1 1 1 1 2 2 2 2 2 2 3 3 3 3 3 5 5
Case #283: 21 1 1 1 1 1 1 1 1 1 2 2 2 2 2 2 2 2 3 3 5 5
Case #284: 24 1 1 1 1 1 1 1 1 1 1 1 1 1 1 1 1 1 2 2 2 2 2 3 11
Case #285: 13 1 1 1 2 2 2 2 3 3 3 3 5 13
Case #286: 28 1 1 1 1 1 1 1 1 1 1 1 1 1 1 1 1 1 1 1 1 1 1 1 1 1 2 7 7
Case #287: 18 1 1 1 1 1 2 2 2 2 2 2 2 2 2 3 3 5 7
Case #288: 12 1 1 1 2 3 3 3 5 5 5 5 7
Case #289: -1
Case #290: 30 1 1 1 1 1 1 1 1 1 1 1 1 1 1 1 1 1 1 1 1 1 1 1 1 1 1 2 3 3 7
Case #291: 16 1 1 1 2 2 2 3 3 3 3 3 3 3 3 3 5
Case #292: 17 1 1 1 1 1 1 2 2 2 2 2 2 3 5 5 5 5
Case #293: 33 1 1 1 1 1 1 1 1 1 1 1 1 1 1 1 1 1 1 1 1 1 1 1 1 1 1 1 1 1 1 1 5 5
Case #294: -1
Case #295: -1
Case #296: 23 1 1 1 1 1 1 1 1 1 1 1 1 1 1 1 1 1 1 2 2 3 5 11
Case #297: 21 1 1 2 2 2 2 2 2 2 2 2 2 2 2 2 2 2 2 2 2 3
Case #298: 33 1 1 1 1 1 1 1 1 1 1 1 1 1 1 1 1 1 1 1 1 1 1 1 1 1 1 1 1 1 2 2 3 5
Case #299: -1
Case #300: 17 1 1 1 1 1 2 2 2 2 2 2 3 3 3 5 5 5
Case #301: 17 1 1 1 1 2 2 2 2 3 3 3 3 3 3 3 3 5
Case #302: 16 1 1 1 1 1 1 1 1 1 1 2 3 5 5 5 11
Case #303: 36 1 1 1 1 1 1 1 1 1 1 1 1 1 1 1 1 1 1 1 1 1 1 1 1 1 1 1 1 1 1 1 1 1 1 2 5
Case #304: -1
Case #305: -1
Case #306: 18 1 1 1 1 1 1 1 1 1 2 2 2 3 3 3 3 3 11
Case #307: 3 1 3 37
Case #308: 20 1 1 1 1 1 1 1 1 1 1 1 1 1 2 3 3 3 3 3 11
Case #309: -1
Case #310: 12 1 1 1 2 3 3 3 3 3 5 5 11
Case #311: 7 1 1 1 1 1 17 19
Case #312: -1
Case #313: 25 1 1 1 1 1 1 1 1 1 1 1 1 1 1 1 1 1 1 1 1 1 1 1 7 11
Case #314: 29 1 1 1 1 1 1 1 1 1 1 1 1 1 1 1 1 1 1 2 2 2 2 2 2 2 2 2 2 3
Case #315: 18 1 1 1 1 1 1 1 1 1 1 1 2 2 2 3 5 5 11
Case #316: -1
Case #317: 27 1 1 1 1 1 1 1 1 1 1 1 1 1 1 2 2 2 2 2 2 2 2 2 2 2 2 3
Case #318: -1
Case #319: 34 1 1 1 1 1 1 1 1 1 1 1 1 1 1 1 1 1 1 1 1 1 1 1 1 1 1 1 1 1 1 1 2 3 5
Case #320: 13 1 1 1 1 1 1 2 2 3 5 5 7 11
Case #321: 16 1 1 1 1 1 2 2 2 2 2 3 3 5 5 5 5
Case #322: 10 1 1 1 2 3 3 5 5 7 13
Case #323: 22 1 1 1 1 1 1 1 1 1 1 1 1 1 1 1 2 2 2 3 5 5 7
Case #324: 18 1 1 1 1 1 1 2 2 2 2 2 2 2 3 3 5 5 5
Case #325: 19 1 1 1 1 1 1 1 1 1 1 1 2 2 2 2 3 3 5 11
Case #326: 17 1 1 1 1 1 1 2 2 2 2 3 3 3 3 5 5 5
Case #327: 16 1 1 1 1 1 1 1 1 1 1 1 2 3 5 7 13
Case #328: 19 1 1 1 1 1 1 2 2 2 2 2 2 2 2 3 3 3 3 7
Case #329: 15 1 1 1 1 2 2 3 3 3 3 3 3 5 5 5
Case #330: 16 1 1 1 1 2 2 2 2 2 3 3 3 3 3 5 7
Case #331: 13 1 1 1 2 2 2 2 3 3 3 5 5 11
Case #332: 23 1 1 1 1 1 1 1 1 1 1 1 1 2 2 2 2 2 2 2 2 3 5 5
Case #333: 17 1 1 1 1 1 1 1 1 1 2 2 3 3 3 5 7 7
Case #334: -1
Case #335: 16 1 1 1 1 1 1 1 1 1 2 2 2 3 5 7 11
Case #336: 23 1 1 1 1 1 1 1 1 1 1 1 1 1 1 1 1 1 2 2 3 5 5 7
Case #337: -1
Case #338: 21 1 1 1 1 1 1 1 1 1 1 1 1 2 2 3 3 3 3 3 5 5
Case #339: 18 1 1 1 1 1 1 1 1 1 1 2 3 3 3 3 3 7 7
Case #340: 21 1 1 1 1 1 1 1 1 1 1 1 1 1 2 2 2 2 3 3 3 11
Case #341: 15 1 1 1 1 2 2 2 2 3 3 3 3 5 5 7
Case #342: 15 1 1 1 1 1 1 1 1 1 1 1 1 1 5 23
Case #343: 23 1 1 1 1 1 1 1 1 1 1 1 1 1 1 1 1 1 2 2 3 3 7 7
Case #344: 18 1 1 1 1 1 1 1 1 1 1 1 1 2 3 3 3 7 11
Case #345: 28 1 1 1 1 1 1 1 1 1 1 1 1 1 1 1 1 1 1 1 1 2 2 2 2 2 3 3 5
Case #346: -1
Case #347: 21 1 1 1 1 1 1 1 1 1 1 1 1 1 2 2 3 3 3 3 5 7
Case #348: -1
Case #349: -1
Case #350: 22 1 1 1 1 1 1 1 1 1 1 2 2 2 2 2 2 2 3 3 3 3 5
Case #351: -1
Case #352: 26 1 1 1 1 1 1 1 1 1 1 1 1 1 1 1 1 1 1 1 2 3 3 3 3 3 5
Case #353: 16 1 1 1 1 1 2 2 2 2 2 3 3 3 5 5 7
Case #354: -1
Case #355: 22 1 1 1 1 1 1 2 2 2 2 2 2 2 2 2 2 2 2 2 2 2 5
Case #356: -1
Case #357: 15 1 1 1 1 1 1 1 1 2 2 2 2 3 3 19
Case #358: 11 1 1 1 1 1 1 1 1 1 3 29
Case #359: 17 1 1 1 1 1 1 2 2 2 2 3 3 3 3 3 5 7
Case #360: 23 1 1 1 1 1 1 1 1 1 1 1 1 1 1 1 1 1 3 3 3 5 5 5
Case #361: 14 1 1 1 1 2 2 2 2 2 3 3 5 5 11
Case #362: 17 1 1 1 1 1 1 1 1 1 1 1 2 2 3 5 5 13
Case #363: 18 1 1 1 1 1 1 2 2 2 2 2 2 2 2 2 3 3 11
Case #364: 24 1 1 1 1 1 1 1 1 1 1 1 1 1 1 2 2 2 2 2 2 2 3 3 7
Case #365: 14 1 1 1 1 1 1 2 2 2 3 3 5 7 11
Case #366: 14 1 1 2 2 2 2 2 2 2 2 2 3 5 13
Case #367: 31 1 1 1 1 1 1 1 1 1 1 1 1 1 1 1 1 1 1 1 1 1 1 1 1 1 1 1 2 2 3 7
Case #368: -1
Case #369: 25 1 1 1 1 1 1 1 1 1 1 1 1 1 1 1 1 1 1 1 2 2 3 3 5 7
Case #370: 20 1 1 1 1 1 1 1 1 1 1 1 2 2 2 3 3 3 5 5 5
Case #371: 22 1 1 1 1 1 1 1 2 2 2 2 2 2 2 2 2 2 2 2 2 3 5
Case #372: 21 1 1 1 1 1 1 1 1 1 1 1 1 1 1 2 2 3 3 5 5 7
Case #373: 20 1 1 1 1 1 1 1 1 1 1 1 1 1 1 2 2 2 3 7 11
Case #374: 10 1 1 2 2 2 2 2 3 13 13
Case #375: 18 1 1 1 1 1 1 2 2 2 2 2 2 2 2 2 3 7 7
Case #376: 20 1 1 1 1 1 1 1 2 2 2 2 2 2 2 2 2 3 3 3 7
Case #377: 28 1 1 1 1 1 1 1 1 1 1 1 1 1 1 1 1 1 1 1 1 1 1 2 3 3 3 3 5
Case #378: -1
Case #379: 11 1 1 1 2 2 2 2 3 3 5 19
Case #380: 26 1 1 1 1 1 1 1 1 1 1 1 1 1 1 1 1 1 2 2 2 2 2 2 2 3 7
Case #381: 19 1 1 1 1 1 1 2 2 2 2 3 3 3 3 3 3 3 3 3
Case #382: 20 1 1 1 1 1 1 1 1 1 1 2 2 2 2 2 2 2 3 3 11
Case #383: 22 1 1 1 1 1 1 1 1 1 1 1 1 1 1 1 2 2 2 3 3 7 7
Case #384: 15 1 1 1 1 2 2 2 2 2 2 2 2 3 7 11
Case #385: 20 1 1 1 1 1 1 1 1 1 2 2 2 2 2 2 2 3 3 5 7
Case #386: 18 1 1 1 1 2 2 2 2 2 2 2 2 2 3 3 3 5 5
Case #387: 15 1 1 1 1 1 1 1 1 2 2 2 2 3 11 11
Case #388: -1
Case #389: 24 1 1 1 1 1 1 1 1 1 1 1 1 1 1 2 2 2 2 2 3 3 3 3 5
Case #390: 17 1 1 1 1 1 1 1 1 1 2 2 2 2 3 7 7 7
Case #391: 26 1 1 1 1 1 1 1 1 1 1 1 1 1 1 1 1 2 2 2 2 2 2 2 2 2 7
Case #392: 17 1 1 1 1 1 1 1 1 1 2 2 2 2 2 2 7 13
Case #393: 31 1 1 1 1 1 1 1 1 1 1 1 1 1 1 1 1 1 1 1 1 1 1 1 1 1 1 1 1 1 1 11
Case #394: 18 1 1 1 1 1 1 1 1 1 1 2 2 2 3 3 3 3 13
Case #395: 16 1 1 1 1 1 1 1 1 2 2 2 3 3 5 5 11
Case #396: 12 1 1 1 1 1 2 2 2 3 3 5 19
Case #397: 21 1 1 1 1 1 1 1 1 1 1 1 1 2 2 2 2 3 3 5 5 5
Case #398: 18 1 1 1 1 1 1 2 2 2 2 2 2 2 2 2 5 5 7
Case #399: 16 1 1 1 1 1 2 2 2 3 3 3 3 3 5 5 5
Case #400: 18 1 1 1 1 1 1 1 1 1 1 1 2 3 3 3 5 7 7
Case #401: 19 1 1 1 1 1 1 1 2 2 2 2 3 3 3 3 3 3 3 5
Case #402: 22 1 1 1 1 1 1 1 1 1 1 2 2 2 2 2 3 3 3 3 3 3 3
Case #403: 12 1 1 1 2 2 2 3 3 3 5 7 11
Case #404: 22 1 1 1 1 1 1 1 1 1 1 1 1 1 1 1 2 2 2 3 3 3 11
Case #405: 27 1 1 1 1 1 1 1 1 1 1 1 1 1 1 1 1 2 2 2 2 2 2 2 2 2 2 5
Case #406: 33 1 1 1 1 1 1 1 1 1 1 1 1 1 1 1 1 1 1 1 1 1 1 1 1 1 1 2 2 2 2 2 2 3
Case #407: 29 1 1 1 1 1 1 1 1 1 1 1 1 1 1 1 1 1 1 1 1 1 1 1 1 1 1 1 3 11
Case #408: 17 1 1 1 1 1 1 1 1 2 2 3 3 3 5 5 5 5
Case #409: 20 1 1 1 1 1 1 1 1 1 1 1 2 2 2 2 2 3 5 5 7
Case #410: -1
Case #411: 25 1 1 1 1 1 1 1 1 1 1 1 1 1 1 1 2 2 2 2 2 2 3 3 3 5
Case #412: 24 1 1 1 1 1 1 1 1 1 1 1 1 1 1 1 1 1 1 2 3 3 3 5 7
Case #413: -1
Case #414: 24 1 1 1 1 1 1 1 1 1 1 1 1 2 2 2 2 2 2 2 2 2 3 3 5
Case #415: 20 1 1 1 1 1 1 1 1 1 1 1 1 1 2 3 3 3 3 7 7
Case #416: 31 1 1 1 1 1 1 1 1 1 1 1 1 1 1 1 1 1 1 1 1 1 1 2 2 2 2 2 2 2 2 3
Case #417: 15 1 1 1 1 1 2 2 3 3 3 3 3 3 7 7
Case #418: 15 1 1 1 1 1 2 2 3 3 3 3 3 5 5 7
Case #419: 16 1 1 1 1 1 1 1 2 2 2 3 3 3 3 5 11
Case #420: 26 1 1 1 1 1 1 1 1 1 1 1 1 1 1 1 1 1 1 2 2 2 2 2 3 5 5
Case #421: 14 1 1 1 1 1 1 2 3 3 3 5 5 7 7
Case #422: 18 1 1 1 1 1 2 2 2 3 3 3 3 3 3 3 3 3 3
Case #423: -1
Case #424: 16 1 1 1 1 1 1 1 2 3 3 3 3 3 5 5 7
Case #425: 16 1 1 1 1 1 1 2 2 2 3 3 3 3 3 7 7
Case #426: -1
Case #427: -1
Case #428: -1
Case #429: 23 1 1 1 1 1 1 1 1 1 1 1 1 1 1 2 2 2 2 3 3 3 5 5
Case #430: 21 1 1 1 1 1 1 2 2 2 2 2 2 2 2 2 2 2 2 3 3 5
Case #431: 23 1 1 1 1 1 1 1 1 1 1 1 1 1 1 1 1 1 1 3 3 3 7 7
Case #432: 19 1 1 1 1 1 1 1 2 2 2 2 2 2 3 3 3 3 5 5
Case #433: 13 1 1 1 1 1 2 2 3 3 3 5 5 13
Case #434: 14 1 1 1 1 2 2 2 2 2 2 2 5 7 11
Case #435: 25 1 1 1 1 1 1 1 1 1 1 1 2 2 2 2 2 2 2 2 2 2 2 2 3 3
Case #436: 15 1 1 1 1 2 2 2 2 2 2 3 3 5 7 7
Case #437: 24 1 1 1 1 1 1 1 1 1 1 1 1 1 1 1 2 3 3 3 3 3 3 3 3
Case #438: 19 1 1 1 1 1 2 2 2 2 2 2 2 2 3 3 3 3 3 5
Case #439: 23 1 1 1 1 1 1 1 1 1 2 2 2 2 2 2 2 2 2 2 2 2 3 5
Case #440: -1
Case #441: -1
Case #442: 25 1 1 1 1 1 1 1 1 1 1 1 1 1 1 1 1 1 1 1 1 1 3 3 7 7
Case #443: 20 1 1 1 1 1 1 1 1 1 1 2 2 2 3 3 3 3 3 5 5
Case #444: 26 1 1 1 1 1 1 1 1 1 1 1 1 1 1 1 1 2 2 2 2 2 2 2 3 3 5
Case #445: -1
Case #446: 24 1 1 1 1 1 1 1 1 1 1 1 1 1 1 1 1 2 2 2 2 2 5 5 5
Case #447: 19 1 1 1 1 2 2 2 2 2 2 2 2 2 2 3 3 3 3 5
Case #448: 19 1 1 1 1 1 1 1 1 1 1 1 2 2 3 3 5 5 5 5
Case #449: 10 1 1 1 1 2 3 3 5 7 17
Case #450: 18 1 1 1 1 2 2 2 2 2 2 2 3 3 3 3 3 3 5
Case #451: 20 1 1 1 1 1 1 1 1 1 1 1 1 1 2 3 3 3 5 5 7
Case #452: 19 1 1 1 1 1 1 1 1 1 1 1 1 2 2 2 2 3 7 11
Case #453: 25 1 1 1 1 1 1 1 1 1 1 1 1 1 1 1 1 1 1 1 3 3 3 3 3 7
Case #454: 26 1 1 1 1 1 1 1 1 1 1 1 1 1 1 1 1 1 1 1 1 2 3 3 3 3 7
Case #455: -1
Case #456: 16 1 1 1 1 1 1 1 1 1 2 2 2 5 5 5 11
Case #457: 16 1 1 1 2 2 2 2 2 3 3 3 3 3 3 5 5
Case #458: 20 1 1 1 1 1 1 1 1 1 2 2 2 2 2 3 3 3 3 3 7
Case #459: -1
Case #460: -1
Case #461: 21 1 1 1 1 1 1 1 1 1 1 1 1 1 1 1 1 1 1 2 2 19
Case #462: 15 1 1 1 1 1 1 2 2 2 2 3 5 5 7 7
Case #463: -1
Case #464: 13 1 1 1 1 2 2 2 2 2 2 3 11 11
Case #465: 13 1 1 1 1 2 2 3 3 3 3 3 5 13
Case #466: 13 1 1 1 1 1 1 1 2 2 5 5 7 13
Case #467: 18 1 1 1 1 1 2 2 2 2 2 3 3 3 3 3 3 3 5
Case #468: 19 1 1 1 1 1 1 1 1 2 2 2 2 2 2 3 3 5 5 5
Case #469: 27 1 1 1 1 1 1 1 1 1 1 1 1 1 1 1 1 1 1 1 1 1 1 3 3 3 3 7
Case #470: 20 1 1 1 1 1 1 1 1 1 1 1 1 1 2 2 2 3 3 5 11
Case #471: -1
Case #472: -1
Case #473: 35 1 1 1 1 1 1 1 1 1 1 1 1 1 1 1 1 1 1 1 1 1 1 1 1 1 1 1 1 1 1 1 1 2 2 5
Case #474: 22 1 1 1 1 1 1 2 2 2 2 2 2 2 2 2 2 2 2 2 3 3 3
Case #475: -1
Case #476: 20 1 1 1 1 1 1 1 1 1 2 2 2 2 2 2 2 3 5 5 5
Case #477: 37 1 1 1 1 1 1 1 1 1 1 1 1 1 1 1 1 1 1 1 1 1 1 1 1 1 1 1 1 1 1 1 1 1 1 1 3 3
Case #478: 24 1 1 1 1 1 1 1 1 1 1 1 1 1 1 1 1 2 2 2 3 3 3 3 7
Case #479: 19 1 1 1 1 1 1 1 1 1 2 2 2 2 3 3 3 5 5 5
Case #480: -1
Case #481: 17 1 1 1 1 1 2 2 2 2 3 3 3 3 3 3 5 5
Case #482: -1
Case #483: 13 1 1 1 1 1 2 2 3 3 3 3 7 13
Case #484: -1
Case #485: 17 1 1 1 1 1 2 2 2 2 3 3 3 3 3 3 3 7
Case #486: 14 1 1 1 1 1 2 2 2 3 3 3 3 7 11
Case #487: -1
Case #488: 28 1 1 1 1 1 1 1 1 1 1 1 1 1 1 1 1 1 1 1 1 1 1 1 1 1 2 3 11
Case #489: 18 1 1 1 1 1 1 2 2 2 3 3 3 3 3 3 3 3 5
Case #490: 22 1 1 1 1 1 1 1 1 1 1 1 1 1 1 2 2 2 2 2 3 3 11
Case #491: 16 1 1 1 1 2 2 2 2 2 3 3 3 3 5 5 5
Case #492: 36 1 1 1 1 1 1 1 1 1 1 1 1 1 1 1 1 1 1 1 1 1 1 1 1 1 1 1 1 1 1 1 1 2 2 2 3
Case #493: 12 1 1 1 1 1 2 2 2 3 7 7 13
Case #494: 30 1 1 1 1 1 1 1 1 1 1 1 1 1 1 1 1 1 1 1 1 1 1 1 1 2 2 2 2 2 7
Case #495: 27 1 1 1 1 1 1 1 1 1 1 1 1 1 1 1 1 1 1 1 1 2 2 3 3 3 3 5
Case #496: 22 1 1 1 1 1 1 1 1 1 1 1 1 2 2 2 2 2 3 3 3 5 5
Case #497: 21 1 1 1 1 1 1 1 1 1 1 1 1 3 3 3 3 3 3 3 3 5
Case #498: 26 1 1 1 1 1 1 1 1 1 1 1 1 1 1 1 1 1 1 1 1 1 1 1 2 3 13
Case #499: 29 1 1 1 1 1 1 1 1 1 1 1 1 1 1 1 1 1 1 1 1 1 1 1 1 1 3 3 3 7
Case #500: 15 1 1 2 2 2 2 2 2 2 2 3 5 5 5 5
Case #501: 16 1 1 1 1 1 1 1 2 2 2 3 3 3 5 7 7
Case #502: 30 1 1 1 1 1 1 1 1 1 1 1 1 1 1 1 1 1 1 1 1 1 1 2 2 2 2 2 2 2 5
Case #503: 20 1 1 1 1 1 1 1 1 1 2 2 2 2 2 3 3 3 3 5 5
Case #504: 15 1 1 1 1 1 1 2 2 3 3 3 5 5 5 7
Case #505: 25 1 1 1 1 1 1 1 1 1 1 1 1 1 1 1 1 1 1 2 2 2 2 5 5 5
Case #506: 31 1 1 1 1 1 1 1 1 1 1 1 1 1 1 1 1 1 1 1 1 1 1 1 1 1 1 2 2 3 3 5
Case #507: 23 1 1 1 1 1 1 1 1 1 1 1 1 1 2 2 2 2 2 2 3 3 5 5
Case #508: 18 1 1 1 1 2 2 2 2 2 2 2 2 2 2 2 5 5 5
Case #509: 13 1 1 1 1 1 1 1 1 1 1 7 11 13
Case #510: -1
Case #511: 17 1 1 1 1 1 1 1 1 1 1 1 2 2 2 2 3 19
Case #512: -1
Case #513: 39 1 1 1 1 1 1 1 1 1 1 1 1 1 1 1 1 1 1 1 1 1 1 1 1 1 1 1 1 1 1 1 1 1 1 1 1 1 1 3
Case #514: -1
Case #515: 22 1 1 1 1 1 1 1 1 2 2 2 2 2 2 2 2 2 3 3 3 3 3
Case #516: 10 1 1 2 2 2 2 2 3 7 19
Case #517: 18 1 1 1 1 1 1 1 1 1 2 2 2 3 3 3 5 5 7
Case #518: 18 1 1 1 1 1 1 1 2 2 2 3 3 3 3 3 3 5 5
Case #519: 19 1 1 1 1 1 1 1 1 2 2 2 2 2 2 2 2 5 5 7
Case #520: 14 1 1 1 1 1 2 2 2 2 2 3 5 7 11
Case #521: 20 1 1 1 1 1 1 2 2 2 2 2 2 2 3 3 3 3 3 3 3
Case #522: 10 1 1 1 2 3 3 5 7 7 11
Case #523: -1
Case #524: 13 1 1 1 1 1 2 2 2 2 3 3 11 11
Case #525: 23 1 1 1 1 1 1 1 1 1 1 1 1 1 2 2 2 2 2 2 2 2 5 7
Case #526: 16 1 1 1 1 1 2 2 2 2 2 2 2 5 5 5 7
Case #527: 18 1 1 1 1 1 1 1 1 1 2 2 2 2 2 3 3 3 13
Case #528: 23 1 1 1 1 1 1 1 1 1 1 1 1 2 2 2 2 2 2 2 2 3 3 7
Case #529: 22 1 1 1 1 1 1 1 1 2 2 2 2 2 2 2 2 2 2 2 3 3 5
Case #530: 24 1 1 1 1 1 1 1 1 1 2 2 2 2 2 2 2 2 2 2 2 2 2 3 3
Case #531: -1
Case #532: -1
Case #533: 15 1 1 1 1 1 2 2 2 2 3 5 5 5 5 5
Case #534: 29 1 1 1 1 1 1 1 1 1 1 1 1 1 1 1 1 1 1 1 2 2 2 2 2 2 2 2 3 3
Case #535: 22 1 1 1 1 1 1 1 1 1 1 2 2 2 2 2 2 2 2 2 3 3 7
Case #536: 24 1 1 1 1 1 1 1 1 1 1 1 1 1 1 1 2 2 2 2 2 2 2 5 7
Case #537: 23 1 1 1 1 1 1 1 1 1 1 1 1 1 2 2 2 2 2 2 3 3 3 7
Case #538: 37 1 1 1 1 1 1 1 1 1 1 1 1 1 1 1 1 1 1 1 1 1 1 1 1 1 1 1 1 1 1 1 1 1 2 2 2 2
Case #539: 11 1 1 2 2 2 2 3 5 5 5 13
Case #540: 16 1 1 2 2 2 2 2 2 2 2 2 2 2 3 7 7
Case #541: -1
Case #542: 29 1 1 1 1 1 1 1 1 1 1 1 1 1 1 1 1 1 1 1 1 2 2 2 2 2 2 3 3 3
Case #543: -1
Case #544: 15 1 1 1 2 2 2 2 3 3 3 3 3 3 5 7
Case #545: 14 1 1 1 1 1 2 2 2 3 3 3 5 5 11
Case #546: -1
Case #547: 24 1 1 1 1 1 1 1 1 1 1 1 1 1 1 1 1 1 2 2 2 3 3 5 7
Case #548: -1
Case #549: 17 1 1 1 1 1 2 2 2 2 2 2 2 2 3 3 3 11
Case #550: 16 1 1 1 1 1 1 2 2 2 2 2 3 5 5 5 7
Case #551: 24 1 1 1 1 1 1 1 1 1 1 1 1 1 1 1 1 1 1 2 2 2 3 3 11
Case #552: 27 1 1 1 1 1 1 1 1 1 1 1 1 1 1 1 1 1 1 1 1 1 1 1 1 2 2 13
Case #553: 3 11 13 17
Case #554: 18 1 1 1 1 1 1 1 1 1 1 2 2 2 2 2 3 7 11
Case #555: 13 1 1 1 2 2 2 2 3 3 5 5 7 7
Case #556: -1
Case #557: 24 1 1 1 1 1 1 1 1 1 1 1 1 1 1 1 1 2 3 3 3 3 3 3 5
Case #558: -1
Case #559: 17 1 1 1 1 1 1 1 1 1 1 2 2 3 3 7 7 7
Case #560: 20 1 1 1 1 1 1 1 1 1 1 2 2 2 2 2 3 3 3 5 7
Case #561: 16 1 1 1 1 1 1 1 1 1 1 2 2 2 7 7 11
Case #562: 20 1 1 1 1 1 1 1 1 1 1 2 2 2 2 2 2 2 3 7 7
Case #563: 15 1 1 1 1 1 2 2 2 2 3 3 3 5 7 7
Case #564: 22 1 1 1 1 1 1 1 1 1 1 1 1 1 1 2 3 3 3 3 3 5 5
Case #565: 14 1 1 1 2 3 3 3 3 3 3 3 3 5 7
Case #566: 23 1 1 1 1 1 1 1 1 1 1 1 1 1 2 2 2 2 3 3 3 3 3 5
Case #567: -1
Case #568: 13 1 1 1 1 2 2 3 3 3 3 5 5 11
Case #569: 25 1 1 1 1 1 1 1 1 1 1 1 1 2 2 2 2 2 2 2 2 2 2 2 2 5
Case #570: 12 1 1 1 2 2 2 3 3 5 7 7 7
Case #571: 38 1 1 1 1 1 1 1 1 1 1 1 1 1 1 1 1 1 1 1 1 1 1 1 1 1 1 1 1 1 1 1 1 1 1 1 2 2 2
Case #572: 32 1 1 1 1 1 1 1 1 1 1 1 1 1 1 1 1 1 1 1 1 1 1 1 1 1 1 1 1 1 2 3 7
Case #573: -1
Case #574: 22 1 1 1 1 1 1 1 1 1 1 1 1 1 1 1 2 3 3 3 5 5 5
Case #575: 25 1 1 1 1 1 1 1 1 1 1 1 1 1 1 1 1 1 2 2 2 2 3 3 3 7
Case #576: 25 1 1 1 1 1 1 1 1 1 1 1 1 1 1 1 1 1 1 2 2 2 2 3 5 7
Case #577: 17 1 1 1 1 1 1 1 1 1 2 2 3 3 5 5 5 7
Case #578: 18 1 1 1 1 1 1 1 1 1 1 1 2 2 2 2 2 3 17
Case #579: 9 1 1 2 2 2 2 3 11 17
Case #580: 22 1 1 1 1 1 1 1 1 1 1 1 1 2 2 2 2 2 2 2 5 5 5
Case #581: 13 1 1 1 1 2 2 2 2 2 2 3 5 17
Case #582: 19 1 1 1 1 1 1 1 1 1 1 1 1 1 1 1 1 1 5 19
Case #583: 20 1 1 1 1 1 1 1 1 2 2 2 2 2 3 3 3 3 3 3 5
Case #584: 22 1 1 1 1 1 1 1 1 1 2 2 2 2 2 2 2 2 2 3 3 3 5
Case #585: 19 1 1 1 1 1 1 1 1 1 1 1 2 2 3 3 3 3 7 7
Case #586: 32 1 1 1 1 1 1 1 1 1 1 1 1 1 1 1 1 1 1 1 1 1 1 1 1 1 1 1 1 1 2 5 5
Case #587: 30 1 1 1 1 1 1 1 1 1 1 1 1 1 1 1 1 1 1 1 1 1 1 1 1 1 1 1 2 5 7
Case #588: 20 1 1 1 1 1 1 1 1 1 1 1 2 2 2 2 2 5 5 5 5
Case #589: 19 1 1 1 1 1 1 1 1 1 1 1 2 2 2 2 2 2 5 13
Case #590: 19 1 1 1 1 1 1 1 1 1 1 2 2 2 2 3 3 3 7 7
Case #591: 9 1 1 1 1 1 1 2 2 31
Case #592: -1
Case #593: 22 1 1 1 1 1 1 1 1 1 1 1 1 1 2 2 2 3 3 3 3 5 5
Case #594: -1
Case #595: 21 1 1 1 1 2 2 2 2 2 2 2 2 2 2 2 2 2 2 3 3 3
Case #596: 26 1 1 1 1 1 1 1 1 1 1 1 1 1 1 1 1 1 2 2 2 2 2 3 3 3 5
Case #597: 23 1 1 1 1 1 1 1 1 1 1 1 1 1 1 1 1 1 1 2 2 3 3 13
Case #598: 18 1 1 2 2 2 2 2 2 2 2 2 2 2 2 2 3 5 5
Case #599: 13 1 1 1 2 2 2 2 2 2 3 3 7 13
Case #600: 15 1 1 1 1 2 2 2 2 2 2 5 5 5 5 5
Case #601: 8 1 1 2 2 2 3 13 17
Case #602: 3 1 17 23
Case #603: 24 1 1 1 1 1 1 1 1 1 1 1 1 1 1 1 1 1 2 3 3 3 3 5 5
Case #604: 4 1 1 2 37
Case #605: 24 1 1 1 1 1 1 1 1 1 1 1 1 2 2 2 2 2 2 2 2 2 2 2 7
Case #606: 12 1 1 1 2 2 2 2 2 3 5 7 13
Case #607: 22 1 1 1 1 1 1 1 1 1 1 1 1 2 2 2 2 2 2 2 3 5 7
Case #608: 23 1 1 1 1 1 1 1 1 1 1 1 1 1 1 2 2 2 2 2 2 3 5 7
Case #609: 18 1 1 1 1 1 2 2 2 2 2 2 2 3 3 3 3 5 5
Case #610: 24 1 1 1 1 1 1 1 1 1 1 1 2 2 2 2 2 2 2 2 2 3 3 3 3
Case #611: 20 1 1 1 1 2 2 2 2 2 2 2 2 2 2 2 2 2 3 3 5
Case #612: 19 1 1 1 1 1 1 1 1 1 1 1 1 1 2 2 2 2 3 17
Case #613: -1
Case #614: 12 1 1 2 2 2 2 2 3 5 7 7 7
Case #615: 29 1 1 1 1 1 1 1 1 1 1 1 1 1 1 1 1 1 1 1 1 1 1 1 1 1 1 5 5 5
Case #616: 21 1 1 1 1 1 1 1 1 1 1 1 2 2 2 2 2 2 3 5 5 5
Case #617: 31 1 1 1 1 1 1 1 1 1 1 1 1 1 1 1 1 1 1 1 1 1 1 1 1 1 1 1 1 3 5 5
Case #618: 21 1 1 1 1 1 1 2 2 2 2 2 2 2 2 2 2 2 2 2 2 7
Case #619: 26 1 1 1 1 1 1 1 1 1 1 1 1 1 1 1 1 1 1 1 1 1 2 3 3 5 7
Case #620: 20 1 1 1 1 1 1 1 1 1 1 1 1 1 1 2 3 5 5 5 7
Case #621: 22 1 1 1 1 1 1 1 1 1 1 1 1 1 2 2 2 2 2 3 3 5 7
Case #622: 34 1 1 1 1 1 1 1 1 1 1 1 1 1 1 1 1 1 1 1 1 1 1 1 1 1 1 1 1 2 2 2 2 2 3
Case #623: 16 1 1 1 1 1 1 2 3 3 3 3 3 3 5 5 5
Case #624: 14 1 1 1 1 1 1 2 2 2 2 2 5 7 13
Case #625: 20 1 1 1 1 1 1 1 1 1 1 1 1 2 2 2 3 3 3 3 11
Case #626: 25 1 1 1 1 1 1 1 1 1 1 1 1 1 1 1 1 2 2 2 2 2 2 3 5 5
Case #627: 35 1 1 1 1 1 1 1 1 1 1 1 1 1 1 1 1 1 1 1 1 1 1 1 1 1 1 1 1 1 1 1 1 1 3 5
Case #628: 19 1 1 1 1 1 1 2 2 2 2 2 2 3 3 3 3 3 3 5
Case #629: 18 1 1 1 1 1 1 2 2 2 2 2 3 3 3 3 3 3 7
Case #630: 19 1 1 1 1 1 1 1 1 2 2 2 2 3 3 3 3 3 5 5
Case #631: -1
Case #632: 20 1 1 1 1 1 1 2 2 2 2 2 2 2 2 2 2 2 3 5 5
Case #633: 24 1 1 1 1 1 1 1 1 1 1 1 1 1 2 2 2 2 2 3 3 3 3 3 3
Case #634: 18 1 1 1 2 2 2 2 2 2 2 2 2 2 2 3 3 5 5
Case #635: 19 1 1 1 1 1 1 1 1 2 2 3 3 3 3 3 3 3 3 5
Case #636: 17 1 1 1 1 1 1 1 1 1 1 1 2 2 3 5 7 11
Case #637: 20 1 1 1 1 1 2 2 2 2 2 2 2 2 2 2 2 3 3 3 5
Case #638: 25 1 1 1 1 1 1 1 1 1 1 1 1 1 1 2 2 2 2 2 2 3 3 3 3 3
Case #639: 20 1 1 1 1 1 1 1 1 1 1 1 2 2 2 2 2 3 3 3 11
Case #640: 14 1 1 1 1 1 2 2 2 2 2 5 7 7 7
Case #641: 21 1 1 1 1 1 1 1 1 1 1 2 2 2 2 3 3 3 3 3 3 5
Case #642: 17 1 1 1 1 1 2 2 2 2 2 2 2 2 3 3 7 7
Case #643: 21 1 1 1 1 1 1 1 1 1 1 1 1 1 1 2 2 2 2 3 5 11
Case #644: 14 1 1 1 1 1 2 2 2 2 2 3 3 3 17
Case #645: 34 1 1 1 1 1 1 1 1 1 1 1 1 1 1 1 1 1 1 1 1 1 1 1 1 1 1 1 1 1 1 2 2 2 5
Case #646: 16 1 1 1 2 2 2 2 2 2 2 2 2 3 5 5 7
Case #647: 25 1 1 1 1 1 1 1 1 1 1 1 1 1 1 1 1 1 1 1 1 1 1 3 3 13
Case #648: 19 1 1 1 1 1 1 1 1 1 1 1 1 2 2 3 3 3 5 11
Case #649: 26 1 1 1 1 1 1 1 1 1 1 1 1 1 1 1 2 2 2 2 2 2 2 3 3 3 3
Case #650: 17 1 1 1 1 2 2 2 2 2 2 2 2 2 2 5 5 7
Case #651: -1
Case #652: 26 1 1 1 1 1 1 1 1 1 1 1 2 2 2 2 2 2 2 2 2 2 2 2 2 2 2
Case #653: 28 1 1 1 1 1 1 1 1 1 1 1 1 1 1 1 1 1 1 2 2 2 2 2 2 2 3 3 3
Case #654: 18 1 1 1 1 1 1 1 1 2 2 2 2 2 3 5 5 5 5
Case #655: 21 1 1 1 1 1 1 1 1 2 2 2 2 2 2 2 2 2 2 3 3 7
Case #656: -1
Case #657: 17 1 1 1 1 1 1 1 1 1 1 2 2 3 5 5 7 7
Case #658: 15 1 1 1 1 1 1 1 1 2 2 3 3 5 7 11
Case #659: 38 1 1 1 1 1 1 1 1 1 1 1 1 1 1 1 1 1 1 1 1 1 1 1 1 1 1 1 1 1 1 1 1 1 1 1 1 2 3
Case #660: 23 1 1 1 1 1 1 1 1 2 2 2 2 2 2 2 2 2 2 2 2 2 2 5
Case #661: 15 1 1 1 1 2 2 2 2 2 2 3 3 3 5 11
Case #662: -1
Case #663: 18 1 1 1 1 1 1 1 2 2 2 2 2 3 3 3 5 5 5
Case #664: 26 1 1 1 1 1 1 1 1 1 1 1 1 1 2 2 2 2 2 2 2 2 2 2 2 3 3
Case #665: 24 1 1 1 1 1 1 1 1 1 1 1 1 1 1 1 1 2 2 2 3 3 3 5 5
Case #666: -1
Case #667: 16 1 1 1 1 1 1 1 1 2 2 2 2 2 3 3 17
Case #668: -1
Case #669: 19 1 1 1 1 1 2 2 2 2 2 2 2 2 2 2 3 3 5 5
Case #670: 29 1 1 1 1 1 1 1 1 1 1 1 1 1 1 1 1 1 1 1 1 1 1 2 2 2 2 2 2 7
Case #671: 25 1 1 1 1 1 1 1 1 1 1 2 2 2 2 2 2 2 2 2 2 2 2 2 2 3
Case #672: 16 1 1 1 1 1 1 2 2 2 3 3 3 5 5 5 5
Case #673: 11 1 1 1 2 2 2 2 3 3 7 17
Case #674: 15 1 1 1 1 1 1 2 2 2 2 3 3 5 5 11
Case #675: 14 1 1 1 1 1 1 1 2 2 2 5 5 7 11
Case #676: 35 1 1 1 1 1 1 1 1 1 1 1 1 1 1 1 1 1 1 1 1 1 1 1 1 1 1 1 1 1 1 1 2 2 3 3
Case #677: 26 1 1 1 1 1 1 1 1 1 1 1 1 1 1 2 2 2 2 2 2 2 2 2 3 3 3
Case #678: 24 1 1 1 1 1 1 1 1 1 1 2 2 2 2 2 2 2 2 2 2 2 3 3 3
Case #679: 19 1 1 1 1 1 1 1 2 2 2 2 2 2 2 2 2 2 3 11
Case #680: 27 1 1 1 1 1 1 1 1 1 1 1 1 1 1 1 1 1 1 2 2 2 2 2 2 3 3 5
Case #681: 27 1 1 1 1 1 1 1 1 1 1 1 1 1 1 1 2 2 2 2 2 2 2 2 2 2 3 3
Case #682: 17 1 1 1 1 1 2 2 3 3 3 3 3 3 3 3 3 5
Case #683: 21 1 1 1 1 1 2 2 2 2 2 2 2 2 2 2 2 2 3 3 3 3
Case #684: 14 1 1 1 2 2 2 2 2 2 2 3 3 5 13
Case #685: 16 1 1 1 1 1 1 2 2 2 2 2 3 3 3 3 13
Case #686: 13 1 1 1 1 1 2 2 3 3 3 3 3 17
Case #687: -1
Case #688: 23 1 1 1 1 1 1 1 1 1 2 2 2 2 2 2 2 2 2 2 3 3 3 3
Case #689: 19 1 1 1 1 1 2 2 2 2 2 2 2 2 2 2 3 3 3 7
Case #690: 21 1 1 1 1 1 1 1 1 1 2 2 2 2 3 3 3 3 3 3 3 3
Case #691: 21 1 1 1 1 1 1 1 1 1 1 1 1 1 1 1 1 1 1 1 5 17
Case #692: 23 1 1 1 1 1 1 1 1 1 1 1 1 1 1 1 1 3 3 3 3 3 5 5
Case #693: -1
Case #694: 20 1 1 1 1 1 1 1 1 1 1 1 2 2 2 3 3 3 3 5 7
Case #695: -1
Case #696: 20 1 1 1 1 1 1 1 1 1 2 2 2 3 3 3 3 3 3 3 5
Case #697: 14 1 1 1 2 2 2 2 2 3 3 3 5 7 7
Case #698: -1
Case #699: 8 1 1 2 2 2 3 7 23
Case #700: 11 1 1 1 1 1 1 1 1 2 2 29
Case #701: 5 1 1 1 1 37
Case #702: 15 1 1 1 1 2 2 2 2 2 2 2 2 3 5 13
Case #703: -1
Case #704: 18 1 1 1 2 2 2 2 2 2 2 2 2 3 3 3 3 3 5
Case #705: 19 1 1 1 1 1 1 1 2 2 2 2 2 2 2 2 3 5 5 5
Case #706: -1
Case #707: 23 1 1 1 1 1 1 1 1 1 1 1 1 1 1 1 2 2 2 2 3 5 5 5
Case #708: -1
Case #709: 20 1 1 1 1 1 2 2 2 2 2 2 2 2 2 3 3 3 3 3 3
Case #710: 16 1 1 1 1 1 1 1 1 2 2 2 3 3 3 5 13
Case #711: 18 1 1 1 1 1 1 1 1 1 2 2 2 2 2 2 2 5 13
Case #712: -1
Case #713: 18 1 1 1 1 1 1 1 1 1 1 1 1 1 2 3 5 7 11
Case #714: -1
Case #715: 10 1 1 1 2 3 3 3 5 5 17
Case #716: -1
Case #717: 27 1 1 1 1 1 1 1 1 1 1 1 1 1 1 1 1 1 2 2 2 2 2 2 3 3 3 3
Case #718: -1
Case #719: 32 1 1 1 1 1 1 1 1 1 1 1 1 1 1 1 1 1 1 1 1 1 1 1 1 1 1 2 2 2 3 3 3
Case #720: 14 1 1 1 1 1 1 2 2 2 3 3 5 5 13
Case #721: 26 1 1 1 1 1 1 1 1 1 1 1 1 1 1 1 1 1 1 2 3 3 3 3 3 3 3
Case #722: -1
Case #723: 22 1 1 1 1 1 1 1 1 1 1 1 2 2 2 2 2 2 2 2 2 5 7
Case #724: -1
Case #725: 21 1 1 1 1 1 1 1 2 2 2 2 2 2 2 2 2 2 3 3 3 5
Case #726: 12 1 1 1 1 1 1 1 1 1 1 2 29
Case #727: 13 1 1 1 1 1 1 1 1 1 1 1 1 29
Case #728: 21 1 1 1 1 1 1 1 1 1 2 2 2 2 2 2 2 2 3 3 3 7
Case #729: 33 1 1 1 1 1 1 1 1 1 1 1 1 1 1 1 1 1 1 1 1 1 1 1 1 1 1 1 1 1 1 1 3 7
Case #730: 31 1 1 1 1 1 1 1 1 1 1 1 1 1 1 1 1 1 1 1 1 1 1 1 1 1 1 2 2 2 2 7
Case #731: 12 1 1 1 2 2 2 3 3 5 5 5 11
Case #732: 17 1 1 1 1 1 2 2 2 2 2 2 3 3 3 3 5 7
Case #733: -1
Case #734: -1
Case #735: -1
Case #736: 18 1 1 1 1 1 1 1 1 1 1 1 2 2 2 3 3 5 13
Case #737: 20 1 1 1 1 1 1 1 1 1 1 1 1 1 1 2 2 2 5 5 11
Case #738: 17 1 1 1 1 1 1 1 1 1 1 1 1 1 1 1 3 23
Case #739: 21 1 1 1 1 1 1 1 1 1 1 1 1 1 1 1 1 2 2 5 5 11
Case #740: 23 1 1 1 1 1 1 1 1 1 1 1 1 1 1 1 1 1 1 1 1 1 3 17
Case #741: -1
Case #742: 30 1 1 1 1 1 1 1 1 1 1 1 1 1 1 1 1 1 1 1 1 1 1 2 2 2 2 2 3 3 3
Case #743: 15 1 1 1 1 2 2 2 2 2 2 2 2 5 5 11
Case #744: -1
Case #745: 15 1 1 1 1 2 2 2 2 3 3 3 5 5 5 5
Case #746: 10 1 1 1 2 3 3 3 3 5 19
Case #747: 7 1 1 1 5 7 7 19
Case #748: 25 1 1 1 1 1 1 1 1 1 2 2 2 2 2 2 2 2 2 2 2 2 2 2 2 2
Case #749: 13 1 1 1 1 1 1 2 2 3 3 3 5 17
Case #750: 28 1 1 1 1 1 1 1 1 1 1 1 1 1 1 1 1 1 1 1 1 1 1 1 1 1 1 2 13
Case #751: 30 1 1 1 1 1 1 1 1 1 1 1 1 1 1 1 1 1 1 1 1 1 1 1 1 1 1 1 1 2 11
Case #752: 14 1 1 1 1 1 1 2 2 2 3 3 3 7 13
Case #753: 13 1 1 1 1 1 1 1 1 1 1 5 7 19
Case #754: 11 1 1 1 1 1 1 1 1 1 1 31
Case #755: 17 1 1 1 1 1 1 1 1 1 1 1 1 1 1 2 2 23
Case #756: 15 1 1 1 2 2 2 2 2 2 3 3 5 5 5 5
Case #757: 19 1 1 1 1 1 1 1 1 1 2 2 2 2 2 2 3 5 5 7
Case #758: 22 1 1 1 1 1 1 1 1 1 1 1 2 2 2 2 2 2 2 3 3 3 7
Case #759: 27 1 1 1 1 1 1 1 1 1 1 1 1 1 1 1 1 1 1 1 2 2 2 2 2 2 5 5
Case #760: 24 1 1 1 1 1 1 1 1 1 1 1 1 1 2 2 2 2 2 2 2 2 2 3 7
Case #761: 16 1 1 1 1 1 1 1 1 1 2 2 2 2 2 3 19
Case #762: 26 1 1 1 1 1 1 1 1 1 1 1 1 1 1 1 1 1 1 2 2 2 3 3 3 3 5
Case #763: 28 1 1 1 1 1 1 1 1 1 1 1 1 1 1 1 1 1 1 1 2 2 2 2 2 3 3 3 3
Case #764: 17 1 1 1 1 1 1 2 2 2 2 2 2 3 3 3 3 11
Case #765: 15 1 1 1 1 1 1 2 2 2 2 3 3 7 7 7
Case #766: 20 1 1 1 1 1 1 2 2 2 2 2 2 2 2 2 3 3 3 3 5
Case #767: -1
Case #768: 16 1 1 1 1 1 1 1 2 2 2 2 2 3 3 7 11
Case #769: 14 1 1 1 1 1 1 2 3 3 5 5 5 5 7
Case #770: 27 1 1 1 1 1 1 1 1 1 1 1 1 1 1 1 1 1 1 1 1 2 2 2 2 3 3 7
Case #771: 24 1 1 1 1 1 1 1 1 1 1 1 1 1 1 1 1 2 2 2 2 2 3 5 7
Case #772: -1
Case #773: -1
Case #774: 19 1 1 1 1 1 1 1 2 2 2 2 2 2 3 3 3 3 3 7
Case #775: 11 1 1 2 2 2 2 3 7 7 7 7
Case #776: 17 1 1 1 1 1 1 1 1 1 1 1 2 2 3 3 3 17
Case #777: 33 1 1 1 1 1 1 1 1 1 1 1 1 1 1 1 1 1 1 1 1 1 1 1 1 1 1 1 1 1 1 2 2 7
Case #778: 21 1 1 1 1 1 1 1 1 1 1 1 2 2 2 2 2 2 2 2 7 7
Case #779: 11 1 1 1 1 2 2 3 3 3 5 19
Case #780: 14 1 1 1 1 2 2 2 2 2 2 2 3 7 13
Case #781: -1
Case #782: 18 1 1 1 1 1 1 1 1 1 1 1 1 1 1 1 1 2 23
Case #783: 12 1 1 2 2 2 2 2 2 2 3 5 17
Case #784: -1
Case #785: 14 1 1 1 2 2 2 3 3 3 3 3 5 5 7
Case #786: 21 1 1 1 1 1 1 2 2 2 2 2 2 2 2 2 2 3 3 3 3 3
Case #787: 18 1 1 1 1 1 1 1 1 1 1 1 1 2 2 2 5 5 13
Case #788: -1
Case #789: 20 1 1 1 1 1 2 2 2 2 2 2 2 2 2 2 2 2 2 3 7
Case #790: 23 1 1 1 1 1 1 1 1 1 1 1 1 1 1 1 2 2 3 3 3 3 3 7
Case #791: -1
Case #792: 24 1 1 1 1 1 1 1 1 1 1 1 1 1 1 1 2 2 2 2 2 3 3 5 5
Case #793: 14 1 1 1 2 2 2 2 2 3 5 5 5 5 5
Case #794: -1
Case #795: 18 1 1 1 1 1 1 1 1 2 2 2 3 3 3 3 5 5 5
Case #796: -1
Case #797: -1
Case #798: -1
Case #799: 12 1 1 1 2 2 2 2 2 3 3 5 17
Case #800: 12 1 1 1 1 1 2 3 3 5 5 5 13
Case #801: 17 1 1 1 1 1 1 1 2 2 3 3 3 3 3 3 5 7
Case #802: -1
Case #803: 14 1 1 1 2 2 2 3 3 3 3 5 5 5 5
Case #804: -1
Case #805: 19 1 1 1 1 1 1 1 1 1 1 1 1 2 2 2 2 3 5 13
Case #806: 23 1 1 1 1 1 1 1 1 1 1 1 1 1 1 2 2 2 2 2 2 5 5 5
Case #807: 14 1 1 1 2 2 2 2 2 2 2 3 5 5 11
Case #808: 12 1 1 2 2 2 3 5 5 5 5 5 5
Case #809: 17 1 1 2 2 2 2 2 2 2 2 2 2 2 2 3 5 7
Case #810: 14 1 1 2 2 2 2 2 2 2 2 2 3 7 11
Case #811: 21 1 1 1 1 1 1 1 1 1 1 1 1 1 2 2 2 2 3 3 7 7
Case #812: 15 1 1 1 1 1 1 2 2 2 2 5 5 5 5 7
Case #813: 21 1 1 1 1 1 1 1 1 1 1 1 1 1 1 1 1 1 1 1 3 19
Case #814: 16 1 1 1 1 1 2 2 2 2 2 2 2 3 3 5 11
Case #815: 21 1 1 1 1 1 1 1 1 1 1 1 1 2 2 2 2 3 3 3 5 7
Case #816: 20 1 1 1 1 1 1 1 2 2 2 2 2 2 2 2 2 3 3 5 5
Case #817: 21 1 1 1 1 1 2 2 2 2 2 2 2 2 2 2 2 2 2 2 3 5
Case #818: 27 1 1 1 1 1 1 1 1 1 1 1 1 1 1 1 1 1 1 1 1 1 1 1 1 1 5 11
Case #819: 21 1 1 1 1 1 1 1 1 1 1 1 2 2 3 3 3 3 3 3 3 5
Case #820: 29 1 1 1 1 1 1 1 1 1 1 1 1 1 1 1 1 1 1 1 1 1 1 1 2 2 3 3 3 5
Case #821: -1
Case #822: -1
Case #823: -1
Case #824: 11 1 1 2 2 2 2 3 5 5 7 11
Case #825: 21 1 1 1 1 1 1 1 1 1 1 2 2 2 2 2 2 3 3 3 5 5
Case #826: 15 1 1 1 1 1 1 1 2 2 2 2 3 5 7 11
Case #827: -1
Case #828: 23 1 1 1 1 1 1 1 1 1 1 1 1 1 1 1 1 2 2 2 2 3 7 7
Case #829: 21 1 1 1 1 1 1 1 1 2 2 2 2 2 2 3 3 3 3 3 3 3
Case #830: 16 1 1 1 1 1 2 2 2 2 2 3 3 3 3 3 11
Case #831: 14 1 1 1 1 1 2 2 2 3 5 5 5 5 7
Case #832: 25 1 1 1 1 1 1 1 1 1 1 1 1 1 1 1 1 2 2 2 2 2 2 3 3 7
Case #833: 13 1 1 1 1 2 2 2 2 2 2 5 7 13
Case #834: 21 1 1 1 1 1 1 1 1 2 2 2 2 2 2 2 2 2 2 3 5 5
Case #835: 34 1 1 1 1 1 1 1 1 1 1 1 1 1 1 1 1 1 1 1 1 1 1 1 1 1 1 1 1 1 1 1 1 2 7
Case #836: 28 1 1 1 1 1 1 1 1 1 1 1 1 1 1 1 1 1 1 1 1 1 1 1 1 2 2 2 11
Case #837: -1
Case #838: 15 1 1 1 1 1 1 2 2 2 2 3 3 3 5 13
Case #839: 12 1 1 1 1 2 3 3 5 5 5 7 7
Case #840: 18 1 1 1 1 1 1 1 2 2 2 2 2 2 2 3 3 3 11
Case #841: 20 1 1 1 1 1 1 1 1 1 1 1 1 1 1 1 1 1 2 5 17
Case #842: 20 1 1 1 2 2 2 2 2 2 2 2 2 2 2 2 2 2 2 3 5
Case #843: 18 1 1 1 1 1 1 1 1 1 1 1 1 2 3 3 3 5 13
Case #844: 26 1 1 1 1 1 1 1 1 1 1 1 1 1 1 1 2 2 2 2 2 2 2 2 2 3 5
Case #845: 28 1 1 1 1 1 1 1 1 1 1 1 1 1 1 1 1 1 1 1 1 2 2 2 3 3 3 3 3
Case #846: -1
Case #847: 22 1 1 1 1 1 2 2 2 2 2 2 2 2 2 2 2 2 2 2 2 3 3
Case #848: 18 1 1 1 1 1 1 1 2 2 2 2 2 2 2 3 5 5 7
Case #849: 22 1 1 1 1 1 1 1 1 1 2 2 2 2 2 2 2 3 3 3 3 3 3
Case #850: 21 1 1 1 1 1 1 1 1 1 1 1 1 1 1 2 2 3 3 3 3 11
Case #851: 22 1 1 1 1 1 1 1 1 1 1 1 2 2 2 3 3 3 3 3 3 3 3
Case #852: 11 1 1 2 2 2 2 2 2 3 7 17
Case #853: 5 1 1 1 19 19
Case #854: 22 1 1 1 1 1 1 1 1 1 1 1 1 1 1 2 2 2 2 2 3 7 7
Case #855: 7 1 1 1 5 5 11 17
Case #856: 25 1 1 1 1 1 1 1 1 1 1 1 1 1 1 1 1 1 2 2 2 2 3 3 5 5
Case #857: 16 1 1 1 1 1 1 1 2 3 3 3 3 5 5 5 5
Case #858: 17 1 1 1 1 1 1 1 1 2 2 2 2 3 3 5 7 7
Case #859: 14 1 1 1 1 1 1 2 3 3 3 3 3 5 13
Case #860: 14 1 1 1 2 2 2 2 2 3 3 5 5 5 7
Case #861: 22 1 1 1 1 1 1 1 1 1 1 1 1 1 1 1 1 1 1 1 2 3 17
Case #862: 17 1 1 1 1 1 1 1 2 2 2 2 3 3 3 3 3 11
Case #863: 12 1 1 1 2 2 2 3 3 3 5 5 13
Case #864: 19 1 1 1 1 1 1 1 1 1 1 1 1 1 1 1 1 1 7 17
Case #865: 18 1 1 1 1 1 1 1 1 2 2 2 3 3 3 3 3 5 7
Case #866: 20 1 1 1 1 1 1 1 1 2 2 2 3 3 3 3 3 3 3 3 3
Case #867: -1
Case #868: 22 1 1 1 1 1 1 1 1 1 1 1 1 1 1 1 1 2 2 2 5 7 7
Case #869: 24 1 1 1 1 1 1 1 1 1 1 1 1 1 2 2 2 2 2 2 2 3 3 3 5
Case #870: 25 1 1 1 1 1 1 1 1 1 1 1 1 1 1 1 2 2 2 2 3 3 3 3 3 3
Case #871: -1
Case #872: -1
Case #873: 19 1 1 1 1 1 1 2 2 2 2 2 2 2 2 2 2 3 5 7
Case #874: 25 1 1 1 1 1 1 1 1 1 1 1 1 1 2 2 2 2 2 2 2 2 3 3 3 3
Case #875: 17 1 1 1 1 1 1 1 2 2 2 2 3 3 3 5 5 7
Case #876: -1
Case #877: 19 1 1 1 1 1 1 1 1 1 1 2 2 2 2 2 2 3 5 11
Case #878: 19 1 1 1 1 2 2 2 2 2 2 2 2 2 2 2 2 3 5 5
Case #879: 16 1 1 1 2 2 2 2 2 2 2 2 2 3 3 7 7
Case #880: 14 1 1 1 2 2 2 2 2 3 3 3 3 5 11
Case #881: 22 1 1 1 1 1 1 1 2 2 2 2 2 2 2 2 2 2 2 3 3 3 3
Case #882: 15 1 1 1 1 1 1 1 2 2 3 3 3 5 5 11
Case #883: 33 1 1 1 1 1 1 1 1 1 1 1 1 1 1 1 1 1 1 1 1 1 1 1 1 1 1 1 1 1 3 3 3 3
Case #884: 15 1 1 1 1 1 2 2 2 2 2 2 3 5 5 11
Case #885: 17 1 1 1 1 1 1 1 1 2 2 3 3 3 3 5 5 7
Case #886: 23 1 1 1 1 1 1 1 1 1 1 1 1 1 1 1 1 2 2 3 3 3 5 7
Case #887: 40 1 1 1 1 1 1 1 1 1 1 1 1 1 1 1 1 1 1 1 1 1 1 1 1 1 1 1 1 1 1 1 1 1 1 1 1 1 1 1 2
Case #888: 37 1 1 1 1 1 1 1 1 1 1 1 1 1 1 1 1 1 1 1 1 1 1 1 1 1 1 1 1 1 1 1 1 1 1 1 1 5
Case #889: 17 1 1 1 1 2 2 2 2 2 2 2 2 2 2 3 7 7
Case #890: 18 1 1 1 1 1 1 1 1 1 2 2 2 2 2 3 3 5 11
Case #891: -1
Case #892: -1
Case #893: -1
Case #894: 33 1 1 1 1 1 1 1 1 1 1 1 1 1 1 1 1 1 1 1 1 1 1 1 1 1 1 1 1 2 2 3 3 3
Case #895: 17 1 1 1 1 1 1 1 1 2 2 2 2 3 5 5 5 7
Case #896: 10 1 1 2 2 2 3 5 7 7 11
Case #897: 13 1 1 1 1 1 2 2 3 3 5 7 7 7
Case #898: 17 1 1 1 1 1 1 2 2 2 2 2 2 3 3 5 5 7
Case #899: 25 1 1 1 1 1 1 1 1 1 1 1 1 1 1 1 1 1 1 3 3 3 3 3 3 5
Case #900: 16 1 1 1 1 2 2 2 2 2 2 2 3 3 5 5 7
Case #901: 23 1 1 1 1 1 1 1 1 1 1 1 1 1 1 1 1 2 2 2 2 3 3 11
Case #902: -1
Case #903: 6 1 1 1 2 17 19
Case #904: 21 1 1 1 1 1 1 1 1 1 1 2 2 2 2 2 2 2 2 3 5 7
Case #905: 25 1 1 1 1 1 1 1 1 1 1 1 1 1 1 1 2 2 2 2 2 2 2 2 5 5
Case #906: 18 1 1 1 1 1 2 2 2 2 2 2 2 2 2 2 2 3 11
Case #907: 16 1 1 1 1 1 1 1 1 2 2 2 3 3 7 7 7
Case #908: 14 1 1 1 1 1 1 2 3 3 3 3 5 5 11
Case #909: -1
Case #910: -1
Case #911: 21 1 1 1 1 1 1 1 1 1 1 1 1 1 1 2 2 3 5 5 5 5
Case #912: 24 1 1 1 1 1 1 1 1 1 1 1 1 1 2 2 2 2 2 2 2 2 2 5 5
Case #913: 26 1 1 1 1 1 1 1 1 1 1 1 1 1 1 2 2 2 2 2 2 2 2 2 2 2 5
Case #914: 18 1 1 1 1 1 1 1 1 1 1 1 2 2 2 5 5 7 7
Case #915: 14 1 1 1 1 1 2 2 2 3 3 3 3 5 13
Case #916: 14 1 1 1 1 2 2 2 2 2 3 3 3 7 11
Case #917: 17 1 1 1 1 1 1 1 1 1 1 2 2 3 3 3 7 11
Case #918: 36 1 1 1 1 1 1 1 1 1 1 1 1 1 1 1 1 1 1 1 1 1 1 1 1 1 1 1 1 1 1 1 1 1 2 3 3
Case #919: 18 1 1 1 1 1 2 2 2 2 2 2 2 3 3 3 3 3 7
Case #920: 29 1 1 1 1 1 1 1 1 1 1 1 1 1 1 1 1 1 1 1 1 1 1 1 1 1 1 1 7 7
Case #921: -1
Case #922: 14 1 1 1 1 2 2 2 2 2 2 2 5 5 13
Case #923: -1
Case #924: 36 1 1 1 1 1 1 1 1 1 1 1 1 1 1 1 1 1 1 1 1 1 1 1 1 1 1 1 1 1 1 1 2 2 2 2 2
Case #925: -1
Case #926: 24 1 1 1 1 1 1 1 1 2 2 2 2 2 2 2 2 2 2 2 2 2 2 2 3
Case #927: 19 1 1 1 1 1 1 1 1 2 2 2 2 3 3 3 3 3 3 7
Case #928: -1
Case #929: 22 1 1 1 1 1 1 1 1 1 1 1 2 2 2 2 2 3 3 3 3 3 5
Case #930: -1
Case #931: 17 1 1 1 2 2 2 2 2 2 3 3 3 3 3 3 3 5
Case #932: 16 1 1 1 1 1 2 2 2 3 3 3 3 3 3 5 7
Case #933: 15 1 1 1 1 1 2 2 2 2 3 3 3 3 3 13
Case #934: 23 1 1 1 1 1 1 1 1 1 1 1 1 1 1 1 2 2 2 2 3 3 5 7
Case #935: 26 1 1 1 1 1 1 1 1 1 1 1 1 1 1 1 1 2 2 2 2 2 3 3 3 3 3
Case #936: 17 1 1 1 1 2 2 2 2 2 2 2 2 3 3 3 5 7
Case #937: 11 1 1 2 2 2 2 2 2 3 5 19
Case #938: 27 1 1 1 1 1 1 1 1 1 1 1 1 1 1 1 1 1 1 1 1 1 1 2 2 3 5 7
Case #939: 13 1 1 1 1 1 2 2 2 2 3 5 7 13
Case #940: 20 1 1 1 1 1 1 2 2 2 2 2 2 2 2 2 2 2 3 3 7
Case #941: 12 1 1 1 1 2 2 2 3 7 7 7 7
Case #942: -1
Case #943: 17 1 1 1 1 1 1 1 1 2 2 2 2 5 5 5 5 5
Case #944: 20 1 1 1 1 1 1 1 1 1 1 1 1 2 2 2 2 2 3 5 11
Case #945: 17 1 1 1 1 1 2 2 2 2 2 2 2 2 3 5 5 7
Case #946: 18 1 1 1 1 1 1 1 1 1 1 1 2 3 3 5 5 5 7
Case #947: 17 1 1 1 1 2 2 2 2 2 2 2 2 3 3 5 5 5
Case #948: 22 1 1 1 1 1 1 1 1 1 1 1 1 1 2 3 3 3 3 3 3 3 5
Case #949: -1
Case #950: 17 1 1 1 2 2 2 2 2 2 2 2 3 3 3 3 5 5
Case #951: 10 1 1 1 2 2 2 3 7 11 11
Case #952: 16 1 1 1 2 2 2 2 2 2 2 3 3 3 5 5 5
Case #953: -1
Case #954: -1
Case #955: 20 1 1 1 1 1 1 1 2 2 2 2 2 3 3 3 3 3 3 3 3
Case #956: 18 1 1 1 1 1 2 2 2 2 2 2 2 2 2 3 5 5 5
Case #957: 22 1 1 1 1 1 1 1 1 1 1 1 1 1 1 1 1 1 1 1 1 2 19
Case #958: -1
Case #959: -1
Case #960: 29 1 1 1 1 1 1 1 1 1 1 1 1 1 1 1 1 1 1 1 1 1 1 1 1 2 2 3 5 5
Case #961: 18 1 1 1 1 2 2 2 2 2 2 2 2 2 2 2 3 5 7
Case #962: 19 1 1 1 1 1 1 1 1 2 2 2 2 2 2 3 3 3 5 7
Case #963: 24 1 1 1 1 1 1 1 1 1 1 2 2 2 2 2 2 2 2 2 2 2 2 2 5
Case #964: 33 1 1 1 1 1 1 1 1 1 1 1 1 1 1 1 1 1 1 1 1 1 1 1 1 1 1 1 1 1 1 3 3 5
Case #965: 13 1 1 1 1 1 2 2 3 3 5 5 5 11
