965
23760
546
11016
39936
47520
396
655360
5000
85712697
8448
4943
7785
1
5616
46080
476014
129
34300
30720
322560
576
17820
28512
2160
73
24576
2560
486000
50400
53
38400
5520
28672
29400
6480
23
8624
62
9600
94770
77760
2156
1520
118263990
336000
67893369
28800
40824
7
57344
128
5600
15680
121
194400
306180
16380
4788
302400
987
168960
34020
22464
34560
31200
37440
71280
103680
2720
135
42336
32400
70235461
80640
17550
6930
44928
46464
4725
91
9408
282791
4410
45360
67
4914
54
168000
2707
3371
34
20592
54600
4
27456
29952
27184698
98415
132300
1530
2268
32076
19008
969
31752
949106497
7560
31104
63000
986129769
58054077
122
9827
1048576
194241
281250
32000
288
2016
362
281
104
147456
904152917
128000
29160
1920
42105
127
235200
8208
25920
72576
34848
3264
33750
88704
5044
1386
24750
110592
5200
110
17640
2940
131980
65
2025
43
4560
1800
86016
53760
11264
84480
18720
257
132000
1904
21504
65610
12870
64
68
12000
45000
12240
320
552960
100696425
28000
31680
160
86400
6541551
63
5625
746803744
9425
32670
49000
93
41580
94
48238
20160
700
48
72
999999998
23115571
8550
10000
524288
226151256
4488
17
8748
1215
47628
99
62208
169344
8400
94080
70560
90720
327680
782
3000
25200
106
125440
13
7296
202500
25600
56160
198450
696
1500
127008
27216
672
69888
2070
196608
120
3312
546750
5376
186624
56
82
362880
6144
21000
30030
900
9900
79548
2250
7040
51030
91857
74088
2340
126720
90
123
13056
72900
393216
21952
14112
4608
35
131
80
10500
155520
63504
193
44
8826131
5016
47040
9000
1512
96228
504
13500
47473
8347
8100
105
1615
240000
6552
56448
64152
388800
57600
1056
84240
98
161280
236250
38497
126
787320
120000
25
82268566
6037
660
786432
60
900360029
216000
524880
8250
10
97
4539685
21384
111
5346
633
133650
323
1249
77
3072
6600
118
12288
30973
30
23100
180000
40950
4200
144000
7920
162000
2730
145152
364500
272160
118800
19200
26460
5601
9240
2100
3509575
24300
23814
4752
226800
115
1764
4158
1440
954158175
11340
79
1001604
51840
998244353
2430
151200
107
163840
7025
2736
87
136080
3375
79200
3900
50688
8064
27720
99840
84
85881
1260
27000
122880
6300
1848
16224
75264
96768
810
510205
13680
2688
314928
12672
3528
59136
40320
345600
5808
2618049
12960
16464
3584
5824
11
8424
19800
6840
18000
89600
243000
13230
174960
69984
83160
2376
5120
192
33
67500
16800
559
8640
1890
8772
23040
7938
768
142884
170100
35640
2400
66150
472392
501
85050
95256
59
53940
113
10800
184320
1323
129600
35100
49280
36864
141120
13122
311040
61440
1671
536870912
441
48600
5760
7897861
4000
414720
22500
10710
466560
9450
3696
1701
1134
999999999
11000
583200
54432
8372259
964532929
76
58800
71
23232
63180
9100
349920
72000
567
3960
25490988
688978813
20
221184
934
48000
9
4536
54000
109
291600
80949857
29484
89
244944
49896
999999937
66
262440
3168
324000
24
15288
224
1620
21600
32805
78
189
480000
52920
640
64800
94500
2000
180
14400
256000
1001
33401221
912
101
3
35503
124416
12768
37800
145800
44800
36960
279936
48510
1741
17424
8960
112000
11232
16128
92160
73728
482421315
7389
150000
2304
32256
4480
12096
16
78000
301056
994617
1728
47958485
408240
59400
457481
2520
916855204
76032
84000
792
52
2431
7392
176400
42755209
7290
322081025
12348
30240
4312
18816
105840
12150
459270
19440
92317161
89100
20480
123480
8
42
83
6750
3024
1680
31500
1632
8976
16000
16320
95
116640
69120
15876
50
70
20000
4160
21168
124
653477439
16200
2097152
442368
4320
468
614400
52416
200000
5304
391
4050
74
14336
43680
13440
6720
259200
41472
368640
816
998506315
164640
125
24000
75
114688
630
5250
10080
96
182250
14560
7128
4800
15
233280
163296
97200
8015864
153600
23328
460800
131220
4620
276480
15552
9504
54880
58320
112896
2640
14688
40
268800
117
5940
10368
179200
395
32768
3456
60000
64512
1817
14700
13860
6
81920
95040
84579
108000
18432
5400
621008
4896
432255
230400
448
49152
135000
17136
39600
15400
36
13824
55296
33792
2880
9216
393660
331776
74880
33696
16524
587234
82944
193536
104976
85
6075
61966
22680
103
87480
211680
589833267
3864
116
37
49920
346742385
622080
96000
25002
6000
673921
373248
14040
8320
1000000000
2310
5073
22950
86
5184
989447237
216
23400
4374
519
17920
967669583
138240
58
29
48384
21
112
99000
181440
922505446
7390
5657
4680
2200
69
1100
51
473
864
70400
409342369
270000
15390
4655
65536
9180
26
22
19656
665
31
92
360000
33600
24192
1600
10752
1824
3240
2592
57024
49392
207360
122877509
22176
78750
1008
3360
641
983900459
108864
115248
1836
28
12544
10260
34944
961175759
46
32640
926315427
340200
248832
2600
5721
172032
6804
7455307
7200
300000
725573
81000
474
805306368
9489
24480
29250
102060
981028563
405000
6765
3120
8000
105600
375000
430080
118272
7056
70000
57
63360
15120
115200
245760
55
43740
540
938017885
8660
64922375
92400
43200
18480
813
2352
139968
85536
105000
4032
29120
76800
14
88
11085765
28080
110250
38016
170
491520
3510
7680
1944
1000000
294912
67200
93312
3564
52488
22848
361
4704
4675
3600
101250
35280
31590
252000
102
42768
70200
119
68040
157464
21383
1960
17280
11664
2906162
71805
107520
20736
75600
971866761
10560
307200
225792
142560
165888
29700
81
52800
56700
3780
2
5
150528
15840
33108
2403381
517759
108
42000
64680
61740
100800
3645
201600
1584
697106497
646
26880
6400
67584
24696
44550
5767201
9409159
7500
12800
10240
9800
42120
66528
8316
18
217728
49
6399199
41600
3157819
32
957262828
98304
81648
5297
38880
47
699840
204120
50544
5040
7776
241920
18240
420
21840
129024
57624
8087519
50000
5280
134400
15750
288000
21870
34111
518400
20328
432000
214573
625433749
209952
192000
38
4733
36283838
300
215040
60480
40960
45
49500
