100
7203246
9999930
5462959
9516811
9999998
9999162
9999996
1403870
4170220
4751053
5
7551991
8460583
9999972
2
9309119
1144
10000000
9999929
86293
5094841
9999161
4125389
11
8697851
3
3191803
3323191
12
8237213
9999971
8291470
9
1750607
5103067
2872729
9999999
6537523
6865010
3855409
3023326
1264969
2044523
9987391
6
1507483
3410821
7762723
1281246
9971849
7783893
6716541
8
4461641
8603593
1
4046177
5388168
2610613
4
8248729
615403
8873129
8763892
2360890
6697461
140839
6463741
1481717
5331653
6735763
3929879
2196613
9999997
5001361
4572049
4461642
9999931
9010879
3132736
3702389
7
2896297
1221469
9325574
9999991
3877633
6704676
4936439
13
9999163
9299449
6513281
390548
9999995
1862603
9999973
8184167
4461643
10
