100
1000000000 1000000000000000000 1
1925 194236 4
3459 893118 8
4766 385349 3
9523 81976 5
2871 611476 1
2035 587687 6
8439 865622 9
9324 755359 1
9974 603759 9
5992 237133 9
5541 34105 7
4401 792858 5
2499 989424 7
9929 160753 4
4827 379304 8
3207 523325 2
5811 811662 1
646 753992 3
21345 4441283 13
352 116029 3
100000 1000000000000000000 3
1002 914907 8
121 121 11
1363 123520 8
2791 674701 5
2590 45700 5
3748 207521 4
1516 476245 5
1033 109791 2
7558 716225 8
4370 274443 1
8324 696474 7
6366 921028 2
0 1000000000000000000 1
39 1000000 3
2851 217912 4
6153 882984 8
5649 246089 1
8135 346033 4
6311 744038 5
7075 952308 3
3491 376189 1
7597 115191 5
999 99999 78788
1616 875376 6
6760 325542 7
6916 519450 6
2965 769993 4
7243 39232 6
3127 909969 3
0 132 1
1405 52064 3
886 56750 8
8229 384684 2
3376 156586 6
2433 588437 7
5630 555906 6
3568 887100 8
701 837097 8
2789 205886 5
2228 961000 6
6574 530230 2
22322 22322 1
0 1000000000000000000 1000000000
121 131 1
2684 313879 3
8892 186601 5
6673 645665 9
2739 884729 5
34432 9999920 222
1813 539974 3
9481 668314 4
0 100 2
1396 974496 5
10 22322 2
121 132 1
5759 165757 6
7977 626769 9
7800 282033 2
2519 171840 3
5579 763362 2
4945 279540 7
4131 988357 1
981 265444 4
9628 221919 9
8989 909410 5
9325 343906 8
3286 977701 4
8145 485026 9
5272 393026 2
5230 55195 9
8764 690922 4
490 499674 1
1209 371972 7
9332 549970 6
4153 196591 1
3976 759716 7
9352 507517 9
3725 832955 1
